2026 01 01 00 0.0
2026 01 01 01 0.0
2026 01 01 02 0.0
2026 01 01 03 0.0
2026 01 01 04 0.0
2026 01 01 05 0.0
2026 01 01 06 0.0
2026 01 01 07 0.0
2026 01 01 08 2.8
2026 01 01 09 20.7
2026 01 01 10 35.3
2026 01 01 11 39.3
2026 01 01 12 32.3
2026 01 01 13 15.5
2026 01 01 14 0.0
2026 01 01 15 0.0
2026 01 01 16 0.0
2026 01 01 17 0.0
2026 01 01 18 0.0
2026 01 01 19 0.0
2026 01 01 20 0.0
2026 01 01 21 0.0
2026 01 01 22 0.0
2026 01 01 23 0.0
2026 01 02 00 0.0
2026 01 02 01 0.0
2026 01 02 02 0.0
2026 01 02 03 0.0
2026 01 02 04 0.0
2026 01 02 05 0.0
2026 01 02 06 0.0
2026 01 02 07 0.0
2026 01 02 08 3.0
2026 01 02 09 21.4
2026 01 02 10 36.3
2026 01 02 11 41.1
2026 01 02 12 33.4
2026 01 02 13 16.4
2026 01 02 14 0.0
2026 01 02 15 0.0
2026 01 02 16 0.0
2026 01 02 17 0.0
2026 01 02 18 0.0
2026 01 02 19 0.0
2026 01 02 20 0.0
2026 01 02 21 0.0
2026 01 02 22 0.0
2026 01 02 23 0.0
2026 01 03 00 0.0
2026 01 03 01 0.0
2026 01 03 02 0.0
2026 01 03 03 0.0
2026 01 03 04 0.0
2026 01 03 05 0.0
2026 01 03 06 0.0
2026 01 03 07 0.0
2026 01 03 08 5.5
2026 01 03 09 21.6
2026 01 03 10 70.4
2026 01 03 11 40.7
2026 01 03 12 33.4
2026 01 03 13 16.5
2026 01 03 14 0.0
2026 01 03 15 0.0
2026 01 03 16 0.0
2026 01 03 17 0.0
2026 01 03 18 0.0
2026 01 03 19 0.0
2026 01 03 20 0.0
2026 01 03 21 0.0
2026 01 03 22 0.0
2026 01 03 23 0.0
2026 01 04 00 0.0
2026 01 04 01 0.0
2026 01 04 02 0.0
2026 01 04 03 0.0
2026 01 04 04 0.0
2026 01 04 05 0.0
2026 01 04 06 0.0
2026 01 04 07 0.0
2026 01 04 08 3.4
2026 01 04 09 22.6
2026 01 04 10 37.5
2026 01 04 11 42.3
2026 01 04 12 35.1
2026 01 04 13 17.7
2026 01 04 14 0.5
2026 01 04 15 0.0
2026 01 04 16 0.0
2026 01 04 17 0.0
2026 01 04 18 0.0
2026 01 04 19 0.0
2026 01 04 20 0.0
2026 01 04 21 0.0
2026 01 04 22 0.0
2026 01 04 23 0.0
2026 01 05 00 0.0
2026 01 05 01 0.0
2026 01 05 02 0.0
2026 01 05 03 0.0
2026 01 05 04 0.0
2026 01 05 05 0.0
2026 01 05 06 0.0
2026 01 05 07 0.0
2026 01 05 08 10.3
2026 01 05 09 50.1
2026 01 05 10 75.5
2026 01 05 11 45.8
2026 01 05 12 68.2
2026 01 05 13 19.4
2026 01 05 14 0.8
2026 01 05 15 0.0
2026 01 05 16 0.0
2026 01 05 17 0.0
2026 01 05 18 0.0
2026 01 05 19 0.0
2026 01 05 20 0.0
2026 01 05 21 0.0
2026 01 05 22 0.0
2026 01 05 23 0.0
2026 01 06 00 0.0
2026 01 06 01 0.0
2026 01 06 02 0.0
2026 01 06 03 0.0
2026 01 06 04 0.0
2026 01 06 05 0.0
2026 01 06 06 0.0
2026 01 06 07 0.0
2026 01 06 08 6.9
2026 01 06 09 35.6
2026 01 06 10 72.1
2026 01 06 11 46.3
2026 01 06 12 34.0
2026 01 06 13 20.7
2026 01 06 14 1.7
2026 01 06 15 0.0
2026 01 06 16 0.0
2026 01 06 17 0.0
2026 01 06 18 0.0
2026 01 06 19 0.0
2026 01 06 20 0.0
2026 01 06 21 0.0
2026 01 06 22 0.0
2026 01 06 23 0.0
2026 01 07 00 0.0
2026 01 07 01 0.0
2026 01 07 02 0.0
2026 01 07 03 0.0
2026 01 07 04 0.0
2026 01 07 05 0.0
2026 01 07 06 0.0
2026 01 07 07 0.0
2026 01 07 08 6.9
2026 01 07 09 25.4
2026 01 07 10 70.2
2026 01 07 11 46.7
2026 01 07 12 38.6
2026 01 07 13 20.4
2026 01 07 14 2.2
2026 01 07 15 0.0
2026 01 07 16 0.0
2026 01 07 17 0.0
2026 01 07 18 0.0
2026 01 07 19 0.0
2026 01 07 20 0.0
2026 01 07 21 0.0
2026 01 07 22 0.0
2026 01 07 23 0.0
2026 01 08 00 0.0
2026 01 08 01 0.0
2026 01 08 02 0.0
2026 01 08 03 0.0
2026 01 08 04 0.0
2026 01 08 05 0.0
2026 01 08 06 0.0
2026 01 08 07 0.0
2026 01 08 08 4.3
2026 01 08 09 24.2
2026 01 08 10 40.4
2026 01 08 11 79.0
2026 01 08 12 44.1
2026 01 08 13 39.1
2026 01 08 14 3.2
2026 01 08 15 0.0
2026 01 08 16 0.0
2026 01 08 17 0.0
2026 01 08 18 0.0
2026 01 08 19 0.0
2026 01 08 20 0.0
2026 01 08 21 0.0
2026 01 08 22 0.0
2026 01 08 23 0.0
2026 01 09 00 0.0
2026 01 09 01 0.0
2026 01 09 02 0.0
2026 01 09 03 0.0
2026 01 09 04 0.0
2026 01 09 05 0.0
2026 01 09 06 0.0
2026 01 09 07 0.0
2026 01 09 08 5.3
2026 01 09 09 26.4
2026 01 09 10 46.6
2026 01 09 11 91.9
2026 01 09 12 72.1
2026 01 09 13 23.1
2026 01 09 14 2.3
2026 01 09 15 0.0
2026 01 09 16 0.0
2026 01 09 17 0.0
2026 01 09 18 0.0
2026 01 09 19 0.0
2026 01 09 20 0.0
2026 01 09 21 0.0
2026 01 09 22 0.0
2026 01 09 23 0.0
2026 01 10 00 0.0
2026 01 10 01 0.0
2026 01 10 02 0.0
2026 01 10 03 0.0
2026 01 10 04 0.0
2026 01 10 05 0.0
2026 01 10 06 0.0
2026 01 10 07 0.0
2026 01 10 08 15.2
2026 01 10 09 78.4
2026 01 10 10 125.5
2026 01 10 11 140.5
2026 01 10 12 111.7
2026 01 10 13 59.2
2026 01 10 14 7.8
2026 01 10 15 0.0
2026 01 10 16 0.0
2026 01 10 17 0.0
2026 01 10 18 0.0
2026 01 10 19 0.0
2026 01 10 20 0.0
2026 01 10 21 0.0
2026 01 10 22 0.0
2026 01 10 23 0.0
2026 01 11 00 0.0
2026 01 11 01 0.0
2026 01 11 02 0.0
2026 01 11 03 0.0
2026 01 11 04 0.0
2026 01 11 05 0.0
2026 01 11 06 0.0
2026 01 11 07 0.0
2026 01 11 08 13.5
2026 01 11 09 73.8
2026 01 11 10 115.0
2026 01 11 11 88.7
2026 01 11 12 70.2
2026 01 11 13 30.3
2026 01 11 14 5.3
2026 01 11 15 0.0
2026 01 11 16 0.0
2026 01 11 17 0.0
2026 01 11 18 0.0
2026 01 11 19 0.0
2026 01 11 20 0.0
2026 01 11 21 0.0
2026 01 11 22 0.0
2026 01 11 23 0.0
2026 01 12 00 0.0
2026 01 12 01 0.0
2026 01 12 02 0.0
2026 01 12 03 0.0
2026 01 12 04 0.0
2026 01 12 05 0.0
2026 01 12 06 0.0
2026 01 12 07 0.0
2026 01 12 08 13.2
2026 01 12 09 67.7
2026 01 12 10 122.1
2026 01 12 11 138.7
2026 01 12 12 76.8
2026 01 12 13 28.5
2026 01 12 14 4.0
2026 01 12 15 0.0
2026 01 12 16 0.0
2026 01 12 17 0.0
2026 01 12 18 0.0
2026 01 12 19 0.0
2026 01 12 20 0.0
2026 01 12 21 0.0
2026 01 12 22 0.0
2026 01 12 23 0.0
2026 01 13 00 0.0
2026 01 13 01 0.0
2026 01 13 02 0.0
2026 01 13 03 0.0
2026 01 13 04 0.0
2026 01 13 05 0.0
2026 01 13 06 0.0
2026 01 13 07 0.0
2026 01 13 08 6.4
2026 01 13 09 28.1
2026 01 13 10 44.9
2026 01 13 11 50.3
2026 01 13 12 43.7
2026 01 13 13 26.0
2026 01 13 14 4.4
2026 01 13 15 0.0
2026 01 13 16 0.0
2026 01 13 17 0.0
2026 01 13 18 0.0
2026 01 13 19 0.0
2026 01 13 20 0.0
2026 01 13 21 0.0
2026 01 13 22 0.0
2026 01 13 23 0.0
2026 01 14 00 0.0
2026 01 14 01 0.0
2026 01 14 02 0.0
2026 01 14 03 0.0
2026 01 14 04 0.0
2026 01 14 05 0.0
2026 01 14 06 0.0
2026 01 14 07 0.0
2026 01 14 08 6.6
2026 01 14 09 28.1
2026 01 14 10 45.3
2026 01 14 11 50.8
2026 01 14 12 44.4
2026 01 14 13 26.6
2026 01 14 14 4.9
2026 01 14 15 0.0
2026 01 14 16 0.0
2026 01 14 17 0.0
2026 01 14 18 0.0
2026 01 14 19 0.0
2026 01 14 20 0.0
2026 01 14 21 0.0
2026 01 14 22 0.0
2026 01 14 23 0.0
2026 01 15 00 0.0
2026 01 15 01 0.0
2026 01 15 02 0.0
2026 01 15 03 0.0
2026 01 15 04 0.0
2026 01 15 05 0.0
2026 01 15 06 0.0
2026 01 15 07 0.0
2026 01 15 08 12.3
2026 01 15 09 47.7
2026 01 15 10 47.6
2026 01 15 11 52.7
2026 01 15 12 46.8
2026 01 15 13 27.3
2026 01 15 14 5.5
2026 01 15 15 0.0
2026 01 15 16 0.0
2026 01 15 17 0.0
2026 01 15 18 0.0
2026 01 15 19 0.0
2026 01 15 20 0.0
2026 01 15 21 0.0
2026 01 15 22 0.0
2026 01 15 23 0.0
2026 01 16 00 0.0
2026 01 16 01 0.0
2026 01 16 02 0.0
2026 01 16 03 0.0
2026 01 16 04 0.0
2026 01 16 05 0.0
2026 01 16 06 0.0
2026 01 16 07 0.0
2026 01 16 08 7.4
2026 01 16 09 28.9
2026 01 16 10 45.3
2026 01 16 11 50.5
2026 01 16 12 44.1
2026 01 16 13 27.1
2026 01 16 14 6.0
2026 01 16 15 0.0
2026 01 16 16 0.0
2026 01 16 17 0.0
2026 01 16 18 0.0
2026 01 16 19 0.0
2026 01 16 20 0.0
2026 01 16 21 0.0
2026 01 16 22 0.0
2026 01 16 23 0.0
2026 01 17 00 0.0
2026 01 17 01 0.0
2026 01 17 02 0.0
2026 01 17 03 0.0
2026 01 17 04 0.0
2026 01 17 05 0.0
2026 01 17 06 0.0
2026 01 17 07 0.0
2026 01 17 08 8.3
2026 01 17 09 32.5
2026 01 17 10 46.9
2026 01 17 11 52.1
2026 01 17 12 45.5
2026 01 17 13 28.3
2026 01 17 14 6.8
2026 01 17 15 0.0
2026 01 17 16 0.0
2026 01 17 17 0.0
2026 01 17 18 0.0
2026 01 17 19 0.0
2026 01 17 20 0.0
2026 01 17 21 0.0
2026 01 17 22 0.0
2026 01 17 23 0.0
2026 01 18 00 0.0
2026 01 18 01 0.0
2026 01 18 02 0.0
2026 01 18 03 0.0
2026 01 18 04 0.0
2026 01 18 05 0.0
2026 01 18 06 0.0
2026 01 18 07 0.0
2026 01 18 08 22.3
2026 01 18 09 30.9
2026 01 18 10 48.0
2026 01 18 11 68.1
2026 01 18 12 48.2
2026 01 18 13 30.2
2026 01 18 14 7.7
2026 01 18 15 0.0
2026 01 18 16 0.0
2026 01 18 17 0.0
2026 01 18 18 0.0
2026 01 18 19 0.0
2026 01 18 20 0.0
2026 01 18 21 0.0
2026 01 18 22 0.0
2026 01 18 23 0.0
2026 01 19 00 0.0
2026 01 19 01 0.0
2026 01 19 02 0.0
2026 01 19 03 0.0
2026 01 19 04 0.0
2026 01 19 05 0.0
2026 01 19 06 0.0
2026 01 19 07 0.0
2026 01 19 08 13.0
2026 01 19 09 35.0
2026 01 19 10 53.5
2026 01 19 11 59.6
2026 01 19 12 52.7
2026 01 19 13 34.1
2026 01 19 14 9.5
2026 01 19 15 0.0
2026 01 19 16 0.0
2026 01 19 17 0.0
2026 01 19 18 0.0
2026 01 19 19 0.0
2026 01 19 20 0.0
2026 01 19 21 0.0
2026 01 19 22 0.0
2026 01 19 23 0.0
2026 01 20 00 0.0
2026 01 20 01 0.0
2026 01 20 02 0.0
2026 01 20 03 0.0
2026 01 20 04 0.0
2026 01 20 05 0.0
2026 01 20 06 0.0
2026 01 20 07 0.0
2026 01 20 08 11.1
2026 01 20 09 35.6
2026 01 20 10 53.7
2026 01 20 11 60.1
2026 01 20 12 53.9
2026 01 20 13 35.3
2026 01 20 14 10.4
2026 01 20 15 0.0
2026 01 20 16 0.0
2026 01 20 17 0.0
2026 01 20 18 0.0
2026 01 20 19 0.0
2026 01 20 20 0.0
2026 01 20 21 0.0
2026 01 20 22 0.0
2026 01 20 23 0.0
2026 01 21 00 0.0
2026 01 21 01 0.0
2026 01 21 02 0.0
2026 01 21 03 0.0
2026 01 21 04 0.0
2026 01 21 05 0.0
2026 01 21 06 0.0
2026 01 21 07 0.0
2026 01 21 08 13.2
2026 01 21 09 37.1
2026 01 21 10 63.8
2026 01 21 11 64.0
2026 01 21 12 53.8
2026 01 21 13 36.2
2026 01 21 14 12.8
2026 01 21 15 0.0
2026 01 21 16 0.0
2026 01 21 17 0.0
2026 01 21 18 0.0
2026 01 21 19 0.0
2026 01 21 20 0.0
2026 01 21 21 0.0
2026 01 21 22 0.0
2026 01 21 23 0.0
2026 01 22 00 0.0
2026 01 22 01 0.0
2026 01 22 02 0.0
2026 01 22 03 0.0
2026 01 22 04 0.0
2026 01 22 05 0.0
2026 01 22 06 0.0
2026 01 22 07 0.0
2026 01 22 08 13.4
2026 01 22 09 39.7
2026 01 22 10 58.6
2026 01 22 11 65.4
2026 01 22 12 58.6
2026 01 22 13 39.5
2026 01 22 14 13.2
2026 01 22 15 0.0
2026 01 22 16 0.0
2026 01 22 17 0.0
2026 01 22 18 0.0
2026 01 22 19 0.0
2026 01 22 20 0.0
2026 01 22 21 0.0
2026 01 22 22 0.0
2026 01 22 23 0.0
2026 01 23 00 0.0
2026 01 23 01 0.0
2026 01 23 02 0.0
2026 01 23 03 0.0
2026 01 23 04 0.0
2026 01 23 05 0.0
2026 01 23 06 0.0
2026 01 23 07 0.0
2026 01 23 08 14.3
2026 01 23 09 40.8
2026 01 23 10 59.7
2026 01 23 11 66.5
2026 01 23 12 60.2
2026 01 23 13 41.9
2026 01 23 14 14.3
2026 01 23 15 0.0
2026 01 23 16 0.0
2026 01 23 17 0.0
2026 01 23 18 0.0
2026 01 23 19 0.0
2026 01 23 20 0.0
2026 01 23 21 0.0
2026 01 23 22 0.0
2026 01 23 23 0.0
2026 01 24 00 0.0
2026 01 24 01 0.0
2026 01 24 02 0.0
2026 01 24 03 0.0
2026 01 24 04 0.0
2026 01 24 05 0.0
2026 01 24 06 0.0
2026 01 24 07 0.0
2026 01 24 08 15.2
2026 01 24 09 42.1
2026 01 24 10 61.0
2026 01 24 11 69.1
2026 01 24 12 61.4
2026 01 24 13 61.1
2026 01 24 14 15.4
2026 01 24 15 0.0
2026 01 24 16 0.0
2026 01 24 17 0.0
2026 01 24 18 0.0
2026 01 24 19 0.0
2026 01 24 20 0.0
2026 01 24 21 0.0
2026 01 24 22 0.0
2026 01 24 23 0.0
2026 01 25 00 0.0
2026 01 25 01 0.0
2026 01 25 02 0.0
2026 01 25 03 0.0
2026 01 25 04 0.0
2026 01 25 05 0.0
2026 01 25 06 0.0
2026 01 25 07 0.0
2026 01 25 08 16.6
2026 01 25 09 44.1
2026 01 25 10 63.3
2026 01 25 11 70.7
2026 01 25 12 63.2
2026 01 25 13 43.9
2026 01 25 14 25.8
2026 01 25 15 0.0
2026 01 25 16 0.0
2026 01 25 17 0.0
2026 01 25 18 0.0
2026 01 25 19 0.0
2026 01 25 20 0.0
2026 01 25 21 0.0
2026 01 25 22 0.0
2026 01 25 23 0.0
2026 01 26 00 0.0
2026 01 26 01 0.0
2026 01 26 02 0.0
2026 01 26 03 0.0
2026 01 26 04 0.0
2026 01 26 05 0.0
2026 01 26 06 0.0
2026 01 26 07 0.0
2026 01 26 08 18.3
2026 01 26 09 45.4
2026 01 26 10 65.0
2026 01 26 11 72.0
2026 01 26 12 131.0
2026 01 26 13 67.2
2026 01 26 14 40.4
2026 01 26 15 0.0
2026 01 26 16 0.0
2026 01 26 17 0.0
2026 01 26 18 0.0
2026 01 26 19 0.0
2026 01 26 20 0.0
2026 01 26 21 0.0
2026 01 26 22 0.0
2026 01 26 23 0.0
2026 01 27 00 0.0
2026 01 27 01 0.0
2026 01 27 02 0.0
2026 01 27 03 0.0
2026 01 27 04 0.0
2026 01 27 05 0.0
2026 01 27 06 0.0
2026 01 27 07 0.0
2026 01 27 08 19.2
2026 01 27 09 48.2
2026 01 27 10 67.5
2026 01 27 11 74.7
2026 01 27 12 68.1
2026 01 27 13 51.3
2026 01 27 14 31.6
2026 01 27 15 0.0
2026 01 27 16 0.0
2026 01 27 17 0.0
2026 01 27 18 0.0
2026 01 27 19 0.0
2026 01 27 20 0.0
2026 01 27 21 0.0
2026 01 27 22 0.0
2026 01 27 23 0.0
2026 01 28 00 0.0
2026 01 28 01 0.0
2026 01 28 02 0.0
2026 01 28 03 0.0
2026 01 28 04 0.0
2026 01 28 05 0.0
2026 01 28 06 0.0
2026 01 28 07 0.0
2026 01 28 08 20.0
2026 01 28 09 85.7
2026 01 28 10 123.5
2026 01 28 11 158.7
2026 01 28 12 91.7
2026 01 28 13 56.3
2026 01 28 14 59.7
2026 01 28 15 0.0
2026 01 28 16 0.0
2026 01 28 17 0.0
2026 01 28 18 0.0
2026 01 28 19 0.0
2026 01 28 20 0.0
2026 01 28 21 0.0
2026 01 28 22 0.0
2026 01 28 23 0.0
2026 01 29 00 0.0
2026 01 29 01 0.0
2026 01 29 02 0.0
2026 01 29 03 0.0
2026 01 29 04 0.0
2026 01 29 05 0.0
2026 01 29 06 0.0
2026 01 29 07 0.0
2026 01 29 08 25.6
2026 01 29 09 64.5
2026 01 29 10 71.4
2026 01 29 11 188.7
2026 01 29 12 121.2
2026 01 29 13 77.5
2026 01 29 14 38.5
2026 01 29 15 0.0
2026 01 29 16 0.0
2026 01 29 17 0.0
2026 01 29 18 0.0
2026 01 29 19 0.0
2026 01 29 20 0.0
2026 01 29 21 0.0
2026 01 29 22 0.0
2026 01 29 23 0.0
2026 01 30 00 0.0
2026 01 30 01 0.0
2026 01 30 02 0.0
2026 01 30 03 0.0
2026 01 30 04 0.0
2026 01 30 05 0.0
2026 01 30 06 0.0
2026 01 30 07 0.0
2026 01 30 08 32.3
2026 01 30 09 66.9
2026 01 30 10 92.8
2026 01 30 11 95.6
2026 01 30 12 128.1
2026 01 30 13 84.1
2026 01 30 14 39.7
2026 01 30 15 0.0
2026 01 30 16 0.0
2026 01 30 17 0.0
2026 01 30 18 0.0
2026 01 30 19 0.0
2026 01 30 20 0.0
2026 01 30 21 0.0
2026 01 30 22 0.0
2026 01 30 23 0.0
2026 01 31 00 0.0
2026 01 31 01 0.0
2026 01 31 02 0.0
2026 01 31 03 0.0
2026 01 31 04 0.0
2026 01 31 05 0.0
2026 01 31 06 0.0
2026 01 31 07 0.0
2026 01 31 08 41.9
2026 01 31 09 146.9
2026 01 31 10 206.0
2026 01 31 11 212.2
2026 01 31 12 192.7
2026 01 31 13 94.9
2026 01 31 14 44.2
2026 01 31 15 0.6
2026 01 31 16 0.0
2026 01 31 17 0.0
2026 01 31 18 0.0
2026 01 31 19 0.0
2026 01 31 20 0.0
2026 01 31 21 0.0
2026 01 31 22 0.0
2026 01 31 23 0.0
2026 02 01 00 0.0
2026 02 01 01 0.0
2026 02 01 02 0.0
2026 02 01 03 0.0
2026 02 01 04 0.0
2026 02 01 05 0.0
2026 02 01 06 0.0
2026 02 01 07 0.0
2026 02 01 08 25.3
2026 02 01 09 57.2
2026 02 01 10 91.3
2026 02 01 11 83.2
2026 02 01 12 106.1
2026 02 01 13 59.5
2026 02 01 14 34.9
2026 02 01 15 1.2
2026 02 01 16 0.0
2026 02 01 17 0.0
2026 02 01 18 0.0
2026 02 01 19 0.0
2026 02 01 20 0.0
2026 02 01 21 0.0
2026 02 01 22 0.0
2026 02 01 23 0.0
2026 02 02 00 0.0
2026 02 02 01 0.0
2026 02 02 02 0.0
2026 02 02 03 0.0
2026 02 02 04 0.0
2026 02 02 05 0.0
2026 02 02 06 0.0
2026 02 02 07 1.6
2026 02 02 08 47.2
2026 02 02 09 96.4
2026 02 02 10 127.5
2026 02 02 11 123.6
2026 02 02 12 79.2
2026 02 02 13 81.8
2026 02 02 14 35.5
2026 02 02 15 2.4
2026 02 02 16 0.0
2026 02 02 17 0.0
2026 02 02 18 0.0
2026 02 02 19 0.0
2026 02 02 20 0.0
2026 02 02 21 0.0
2026 02 02 22 0.0
2026 02 02 23 0.0
2026 02 03 00 0.0
2026 02 03 01 0.0
2026 02 03 02 0.0
2026 02 03 03 0.0
2026 02 03 04 0.0
2026 02 03 05 0.0
2026 02 03 06 0.0
2026 02 03 07 2.1
2026 02 03 08 47.2
2026 02 03 09 106.3
2026 02 03 10 178.3
2026 02 03 11 240.3
2026 02 03 12 203.9
2026 02 03 13 164.7
2026 02 03 14 87.7
2026 02 03 15 6.7
2026 02 03 16 0.0
2026 02 03 17 0.0
2026 02 03 18 0.0
2026 02 03 19 0.0
2026 02 03 20 0.0
2026 02 03 21 0.0
2026 02 03 22 0.0
2026 02 03 23 0.0
2026 02 04 00 0.0
2026 02 04 01 0.0
2026 02 04 02 0.0
2026 02 04 03 0.0
2026 02 04 04 0.0
2026 02 04 05 0.0
2026 02 04 06 0.0
2026 02 04 07 2.5
2026 02 04 08 30.6
2026 02 04 09 61.1
2026 02 04 10 82.3
2026 02 04 11 102.1
2026 02 04 12 84.0
2026 02 04 13 73.4
2026 02 04 14 43.4
2026 02 04 15 4.5
2026 02 04 16 0.0
2026 02 04 17 0.0
2026 02 04 18 0.0
2026 02 04 19 0.0
2026 02 04 20 0.0
2026 02 04 21 0.0
2026 02 04 22 0.0
2026 02 04 23 0.0
2026 02 05 00 0.0
2026 02 05 01 0.0
2026 02 05 02 0.0
2026 02 05 03 0.0
2026 02 05 04 0.0
2026 02 05 05 0.0
2026 02 05 06 0.0
2026 02 05 07 2.6
2026 02 05 08 31.8
2026 02 05 09 65.3
2026 02 05 10 86.5
2026 02 05 11 93.0
2026 02 05 12 131.8
2026 02 05 13 94.9
2026 02 05 14 44.5
2026 02 05 15 3.9
2026 02 05 16 0.0
2026 02 05 17 0.0
2026 02 05 18 0.0
2026 02 05 19 0.0
2026 02 05 20 0.0
2026 02 05 21 0.0
2026 02 05 22 0.0
2026 02 05 23 0.0
2026 02 06 00 0.0
2026 02 06 01 0.0
2026 02 06 02 0.0
2026 02 06 03 0.0
2026 02 06 04 0.0
2026 02 06 05 0.0
2026 02 06 06 0.0
2026 02 06 07 3.8
2026 02 06 08 32.7
2026 02 06 09 62.6
2026 02 06 10 89.2
2026 02 06 11 94.1
2026 02 06 12 84.0
2026 02 06 13 68.7
2026 02 06 14 38.5
2026 02 06 15 5.7
2026 02 06 16 0.0
2026 02 06 17 0.0
2026 02 06 18 0.0
2026 02 06 19 0.0
2026 02 06 20 0.0
2026 02 06 21 0.0
2026 02 06 22 0.0
2026 02 06 23 0.0
2026 02 07 00 0.0
2026 02 07 01 0.0
2026 02 07 02 0.0
2026 02 07 03 0.0
2026 02 07 04 0.0
2026 02 07 05 0.0
2026 02 07 06 0.0
2026 02 07 07 9.1
2026 02 07 08 77.4
2026 02 07 09 153.9
2026 02 07 10 174.0
2026 02 07 11 231.7
2026 02 07 12 236.2
2026 02 07 13 123.7
2026 02 07 14 98.7
2026 02 07 15 14.5
2026 02 07 16 0.0
2026 02 07 17 0.0
2026 02 07 18 0.0
2026 02 07 19 0.0
2026 02 07 20 0.0
2026 02 07 21 0.0
2026 02 07 22 0.0
2026 02 07 23 0.0
2026 02 08 00 0.0
2026 02 08 01 0.0
2026 02 08 02 0.0
2026 02 08 03 0.0
2026 02 08 04 0.0
2026 02 08 05 0.0
2026 02 08 06 0.0
2026 02 08 07 7.6
2026 02 08 08 38.2
2026 02 08 09 70.1
2026 02 08 10 91.8
2026 02 08 11 99.8
2026 02 08 12 162.1
2026 02 08 13 75.8
2026 02 08 14 41.5
2026 02 08 15 8.1
2026 02 08 16 0.0
2026 02 08 17 0.0
2026 02 08 18 0.0
2026 02 08 19 0.0
2026 02 08 20 0.0
2026 02 08 21 0.0
2026 02 08 22 0.0
2026 02 08 23 0.0
2026 02 09 00 0.0
2026 02 09 01 0.0
2026 02 09 02 0.0
2026 02 09 03 0.0
2026 02 09 04 0.0
2026 02 09 05 0.0
2026 02 09 06 0.0
2026 02 09 07 9.0
2026 02 09 08 40.6
2026 02 09 09 84.1
2026 02 09 10 94.7
2026 02 09 11 102.7
2026 02 09 12 96.8
2026 02 09 13 75.3
2026 02 09 14 43.8
2026 02 09 15 8.8
2026 02 09 16 0.0
2026 02 09 17 0.0
2026 02 09 18 0.0
2026 02 09 19 0.0
2026 02 09 20 0.0
2026 02 09 21 0.0
2026 02 09 22 0.0
2026 02 09 23 0.0
2026 02 10 00 0.0
2026 02 10 01 0.0
2026 02 10 02 0.0
2026 02 10 03 0.0
2026 02 10 04 0.0
2026 02 10 05 0.0
2026 02 10 06 0.0
2026 02 10 07 8.0
2026 02 10 08 47.3
2026 02 10 09 72.2
2026 02 10 10 189.1
2026 02 10 11 121.6
2026 02 10 12 94.6
2026 02 10 13 74.0
2026 02 10 14 94.8
2026 02 10 15 16.6
2026 02 10 16 0.0
2026 02 10 17 0.0
2026 02 10 18 0.0
2026 02 10 19 0.0
2026 02 10 20 0.0
2026 02 10 21 0.0
2026 02 10 22 0.0
2026 02 10 23 0.0
2026 02 11 00 0.0
2026 02 11 01 0.0
2026 02 11 02 0.0
2026 02 11 03 0.0
2026 02 11 04 0.0
2026 02 11 05 0.0
2026 02 11 06 0.0
2026 02 11 07 8.0
2026 02 11 08 40.9
2026 02 11 09 79.4
2026 02 11 10 94.0
2026 02 11 11 104.0
2026 02 11 12 95.8
2026 02 11 13 92.5
2026 02 11 14 50.4
2026 02 11 15 11.0
2026 02 11 16 0.0
2026 02 11 17 0.0
2026 02 11 18 0.0
2026 02 11 19 0.0
2026 02 11 20 0.0
2026 02 11 21 0.0
2026 02 11 22 0.0
2026 02 11 23 0.0
2026 02 12 00 0.0
2026 02 12 01 0.0
2026 02 12 02 0.0
2026 02 12 03 0.0
2026 02 12 04 0.0
2026 02 12 05 0.0
2026 02 12 06 0.0
2026 02 12 07 10.2
2026 02 12 08 45.9
2026 02 12 09 115.6
2026 02 12 10 255.7
2026 02 12 11 205.2
2026 02 12 12 101.1
2026 02 12 13 80.4
2026 02 12 14 66.9
2026 02 12 15 13.0
2026 02 12 16 0.0
2026 02 12 17 0.0
2026 02 12 18 0.0
2026 02 12 19 0.0
2026 02 12 20 0.0
2026 02 12 21 0.0
2026 02 12 22 0.0
2026 02 12 23 0.0
2026 02 13 00 0.0
2026 02 13 01 0.0
2026 02 13 02 0.0
2026 02 13 03 0.0
2026 02 13 04 0.0
2026 02 13 05 0.0
2026 02 13 06 0.0
2026 02 13 07 14.0
2026 02 13 08 105.3
2026 02 13 09 141.8
2026 02 13 10 121.1
2026 02 13 11 189.0
2026 02 13 12 141.4
2026 02 13 13 95.8
2026 02 13 14 54.0
2026 02 13 15 14.6
2026 02 13 16 0.0
2026 02 13 17 0.0
2026 02 13 18 0.0
2026 02 13 19 0.0
2026 02 13 20 0.0
2026 02 13 21 0.0
2026 02 13 22 0.0
2026 02 13 23 0.0
2026 02 14 00 0.0
2026 02 14 01 0.0
2026 02 14 02 0.0
2026 02 14 03 0.0
2026 02 14 04 0.0
2026 02 14 05 0.0
2026 02 14 06 0.0
2026 02 14 07 36.8
2026 02 14 08 141.3
2026 02 14 09 235.4
2026 02 14 10 297.3
2026 02 14 11 320.5
2026 02 14 12 302.1
2026 02 14 13 241.3
2026 02 14 14 151.1
2026 02 14 15 45.2
2026 02 14 16 0.0
2026 02 14 17 0.0
2026 02 14 18 0.0
2026 02 14 19 0.0
2026 02 14 20 0.0
2026 02 14 21 0.0
2026 02 14 22 0.0
2026 02 14 23 0.0
2026 02 15 00 0.0
2026 02 15 01 0.0
2026 02 15 02 0.0
2026 02 15 03 0.0
2026 02 15 04 0.0
2026 02 15 05 0.0
2026 02 15 06 0.0
2026 02 15 07 40.7
2026 02 15 08 145.6
2026 02 15 09 240.4
2026 02 15 10 301.0
2026 02 15 11 319.9
2026 02 15 12 303.4
2026 02 15 13 221.8
2026 02 15 14 102.3
2026 02 15 15 39.7
2026 02 15 16 0.0
2026 02 15 17 0.0
2026 02 15 18 0.0
2026 02 15 19 0.0
2026 02 15 20 0.0
2026 02 15 21 0.0
2026 02 15 22 0.0
2026 02 15 23 0.0
2026 02 16 00 0.0
2026 02 16 01 0.0
2026 02 16 02 0.0
2026 02 16 03 0.0
2026 02 16 04 0.0
2026 02 16 05 0.0
2026 02 16 06 0.0
2026 02 16 07 41.7
2026 02 16 08 130.7
2026 02 16 09 221.5
2026 02 16 10 285.9
2026 02 16 11 311.8
2026 02 16 12 280.2
2026 02 16 13 240.2
2026 02 16 14 131.4
2026 02 16 15 37.9
2026 02 16 16 0.0
2026 02 16 17 0.0
2026 02 16 18 0.0
2026 02 16 19 0.0
2026 02 16 20 0.0
2026 02 16 21 0.0
2026 02 16 22 0.0
2026 02 16 23 0.0
2026 02 17 00 0.0
2026 02 17 01 0.0
2026 02 17 02 0.0
2026 02 17 03 0.0
2026 02 17 04 0.0
2026 02 17 05 0.0
2026 02 17 06 0.0
2026 02 17 07 18.0
2026 02 17 08 57.2
2026 02 17 09 90.3
2026 02 17 10 185.0
2026 02 17 11 316.1
2026 02 17 12 251.3
2026 02 17 13 197.9
2026 02 17 14 125.8
2026 02 17 15 44.2
2026 02 17 16 0.0
2026 02 17 17 0.0
2026 02 17 18 0.0
2026 02 17 19 0.0
2026 02 17 20 0.0
2026 02 17 21 0.0
2026 02 17 22 0.0
2026 02 17 23 0.0
2026 02 18 00 0.0
2026 02 18 01 0.0
2026 02 18 02 0.0
2026 02 18 03 0.0
2026 02 18 04 0.0
2026 02 18 05 0.0
2026 02 18 06 0.0
2026 02 18 07 43.4
2026 02 18 08 117.5
2026 02 18 09 136.6
2026 02 18 10 267.3
2026 02 18 11 189.8
2026 02 18 12 113.1
2026 02 18 13 226.2
2026 02 18 14 61.3
2026 02 18 15 24.4
2026 02 18 16 0.0
2026 02 18 17 0.0
2026 02 18 18 0.0
2026 02 18 19 0.0
2026 02 18 20 0.0
2026 02 18 21 0.0
2026 02 18 22 0.0
2026 02 18 23 0.0
2026 02 19 00 0.0
2026 02 19 01 0.0
2026 02 19 02 0.0
2026 02 19 03 0.0
2026 02 19 04 0.0
2026 02 19 05 0.0
2026 02 19 06 0.0
2026 02 19 07 54.7
2026 02 19 08 154.2
2026 02 19 09 98.8
2026 02 19 10 185.3
2026 02 19 11 317.4
2026 02 19 12 240.2
2026 02 19 13 97.2
2026 02 19 14 172.2
2026 02 19 15 68.5
2026 02 19 16 0.0
2026 02 19 17 0.0
2026 02 19 18 0.0
2026 02 19 19 0.0
2026 02 19 20 0.0
2026 02 19 21 0.0
2026 02 19 22 0.0
2026 02 19 23 0.0
2026 02 20 00 0.0
2026 02 20 01 0.0
2026 02 20 02 0.0
2026 02 20 03 0.0
2026 02 20 04 0.0
2026 02 20 05 0.0
2026 02 20 06 0.0
2026 02 20 07 63.6
2026 02 20 08 149.9
2026 02 20 09 252.5
2026 02 20 10 241.4
2026 02 20 11 265.0
2026 02 20 12 280.8
2026 02 20 13 217.9
2026 02 20 14 171.1
2026 02 20 15 47.1
2026 02 20 16 0.0
2026 02 20 17 0.0
2026 02 20 18 0.0
2026 02 20 19 0.0
2026 02 20 20 0.0
2026 02 20 21 0.0
2026 02 20 22 0.0
2026 02 20 23 0.0
2026 02 21 00 0.0
2026 02 21 01 0.0
2026 02 21 02 0.0
2026 02 21 03 0.0
2026 02 21 04 0.0
2026 02 21 05 0.0
2026 02 21 06 0.0
2026 02 21 07 23.3
2026 02 21 08 61.2
2026 02 21 09 95.4
2026 02 21 10 116.2
2026 02 21 11 123.8
2026 02 21 12 116.2
2026 02 21 13 94.9
2026 02 21 14 62.7
2026 02 21 15 25.7
2026 02 21 16 0.0
2026 02 21 17 0.0
2026 02 21 18 0.0
2026 02 21 19 0.0
2026 02 21 20 0.0
2026 02 21 21 0.0
2026 02 21 22 0.0
2026 02 21 23 0.0
2026 02 22 00 0.0
2026 02 22 01 0.0
2026 02 22 02 0.0
2026 02 22 03 0.0
2026 02 22 04 0.0
2026 02 22 05 0.0
2026 02 22 06 0.0
2026 02 22 07 77.6
2026 02 22 08 190.0
2026 02 22 09 283.2
2026 02 22 10 342.4
2026 02 22 11 364.4
2026 02 22 12 323.8
2026 02 22 13 281.1
2026 02 22 14 182.3
2026 02 22 15 69.7
2026 02 22 16 0.0
2026 02 22 17 0.0
2026 02 22 18 0.0
2026 02 22 19 0.0
2026 02 22 20 0.0
2026 02 22 21 0.0
2026 02 22 22 0.0
2026 02 22 23 0.0
2026 02 23 00 0.0
2026 02 23 01 0.0
2026 02 23 02 0.0
2026 02 23 03 0.0
2026 02 23 04 0.0
2026 02 23 05 0.0
2026 02 23 06 0.0
2026 02 23 07 27.3
2026 02 23 08 66.1
2026 02 23 09 116.4
2026 02 23 10 122.3
2026 02 23 11 130.1
2026 02 23 12 123.6
2026 02 23 13 102.7
2026 02 23 14 69.9
2026 02 23 15 30.5
2026 02 23 16 0.0
2026 02 23 17 0.0
2026 02 23 18 0.0
2026 02 23 19 0.0
2026 02 23 20 0.0
2026 02 23 21 0.0
2026 02 23 22 0.0
2026 02 23 23 0.0
2026 02 24 00 0.0
2026 02 24 01 0.0
2026 02 24 02 0.0
2026 02 24 03 0.0
2026 02 24 04 0.0
2026 02 24 05 0.0
2026 02 24 06 0.0
2026 02 24 07 30.3
2026 02 24 08 70.8
2026 02 24 09 104.0
2026 02 24 10 127.4
2026 02 24 11 134.3
2026 02 24 12 127.0
2026 02 24 13 105.8
2026 02 24 14 74.6
2026 02 24 15 34.3
2026 02 24 16 1.1
2026 02 24 17 0.0
2026 02 24 18 0.0
2026 02 24 19 0.0
2026 02 24 20 0.0
2026 02 24 21 0.0
2026 02 24 22 0.0
2026 02 24 23 0.0
2026 02 25 00 0.0
2026 02 25 01 0.0
2026 02 25 02 0.0
2026 02 25 03 0.0
2026 02 25 04 0.0
2026 02 25 05 0.0
2026 02 25 06 1.3
2026 02 25 07 53.8
2026 02 25 08 74.7
2026 02 25 09 109.2
2026 02 25 10 141.0
2026 02 25 11 133.6
2026 02 25 12 125.6
2026 02 25 13 103.6
2026 02 25 14 70.4
2026 02 25 15 31.8
2026 02 25 16 1.3
2026 02 25 17 0.0
2026 02 25 18 0.0
2026 02 25 19 0.0
2026 02 25 20 0.0
2026 02 25 21 0.0
2026 02 25 22 0.0
2026 02 25 23 0.0
2026 02 26 00 -999.0
2026 02 26 01 -999.0
2026 02 26 02 -999.0
2026 02 26 03 -999.0
2026 02 26 04 -999.0
2026 02 26 05 -999.0
2026 02 26 06 -999.0
2026 02 26 07 -999.0
2026 02 26 08 -999.0
2026 02 26 09 -999.0
2026 02 26 10 -999.0
2026 02 26 11 -999.0
2026 02 26 12 -999.0
2026 02 26 13 -999.0
2026 02 26 14 -999.0
2026 02 26 15 -999.0
2026 02 26 16 -999.0
2026 02 26 17 -999.0
2026 02 26 18 -999.0
2026 02 26 19 -999.0
2026 02 26 20 -999.0
2026 02 26 21 -999.0
2026 02 26 22 -999.0
2026 02 26 23 -999.0
2026 02 27 00 -999.0
2026 02 27 01 -999.0
2026 02 27 02 -999.0
2026 02 27 03 -999.0
2026 02 27 04 -999.0
2026 02 27 05 -999.0
2026 02 27 06 -999.0
2026 02 27 07 -999.0
2026 02 27 08 -999.0
2026 02 27 09 -999.0
2026 02 27 10 -999.0
2026 02 27 11 -999.0
2026 02 27 12 -999.0
2026 02 27 13 -999.0
2026 02 27 14 -999.0
2026 02 27 15 -999.0
2026 02 27 16 -999.0
2026 02 27 17 -999.0
2026 02 27 18 -999.0
2026 02 27 19 -999.0
2026 02 27 20 -999.0
2026 02 27 21 -999.0
2026 02 27 22 -999.0
2026 02 27 23 -999.0
2026 02 28 00 -999.0
2026 02 28 01 -999.0
2026 02 28 02 -999.0
2026 02 28 03 -999.0
2026 02 28 04 -999.0
2026 02 28 05 -999.0
2026 02 28 06 -999.0
2026 02 28 07 -999.0
2026 02 28 08 -999.0
2026 02 28 09 -999.0
2026 02 28 10 -999.0
2026 02 28 11 -999.0
2026 02 28 12 -999.0
2026 02 28 13 -999.0
2026 02 28 14 -999.0
2026 02 28 15 -999.0
2026 02 28 16 -999.0
2026 02 28 17 -999.0
2026 02 28 18 -999.0
2026 02 28 19 -999.0
2026 02 28 20 -999.0
2026 02 28 21 -999.0
2026 02 28 22 -999.0
2026 02 28 23 -999.0
2026 03 01 00 0.0
2026 03 01 01 0.0
2026 03 01 02 0.0
2026 03 01 03 0.0
2026 03 01 04 0.0
2026 03 01 05 0.0
2026 03 01 06 3.8
2026 03 01 07 37.3
2026 03 01 08 76.7
2026 03 01 09 117.2
2026 03 01 10 135.2
2026 03 01 11 140.7
2026 03 01 12 140.8
2026 03 01 13 112.7
2026 03 01 14 80.8
2026 03 01 15 40.1
2026 03 01 16 4.5
2026 03 01 17 0.0
2026 03 01 18 0.0
2026 03 01 19 0.0
2026 03 01 20 0.0
2026 03 01 21 0.0
2026 03 01 22 0.0
2026 03 01 23 0.0
2026 03 02 00 0.0
2026 03 02 01 0.0
2026 03 02 02 0.0
2026 03 02 03 0.0
2026 03 02 04 0.0
2026 03 02 05 0.0
2026 03 02 06 14.6
2026 03 02 07 120.6
2026 03 02 08 236.7
2026 03 02 09 331.9
2026 03 02 10 394.1
2026 03 02 11 415.5
2026 03 02 12 393.2
2026 03 02 13 332.5
2026 03 02 14 233.1
2026 03 02 15 115.4
2026 03 02 16 15.7
2026 03 02 17 0.0
2026 03 02 18 0.0
2026 03 02 19 0.0
2026 03 02 20 0.0
2026 03 02 21 0.0
2026 03 02 22 0.0
2026 03 02 23 0.0
2026 03 03 00 0.0
2026 03 03 01 0.0
2026 03 03 02 0.0
2026 03 03 03 0.0
2026 03 03 04 0.0
2026 03 03 05 0.0
2026 03 03 06 5.7
2026 03 03 07 40.5
2026 03 03 08 201.0
2026 03 03 09 318.4
2026 03 03 10 341.6
2026 03 03 11 398.5
2026 03 03 12 335.7
2026 03 03 13 268.6
2026 03 03 14 103.6
2026 03 03 15 79.4
2026 03 03 16 19.2
2026 03 03 17 0.0
2026 03 03 18 0.0
2026 03 03 19 0.0
2026 03 03 20 0.0
2026 03 03 21 0.0
2026 03 03 22 0.0
2026 03 03 23 0.0
2026 03 04 00 0.0
2026 03 04 01 0.0
2026 03 04 02 0.0
2026 03 04 03 0.0
2026 03 04 04 0.0
2026 03 04 05 0.0
2026 03 04 06 22.6
2026 03 04 07 135.2
2026 03 04 08 252.3
2026 03 04 09 347.9
2026 03 04 10 407.7
2026 03 04 11 426.8
2026 03 04 12 408.0
2026 03 04 13 345.8
2026 03 04 14 252.0
2026 03 04 15 135.0
2026 03 04 16 23.2
2026 03 04 17 0.0
2026 03 04 18 0.0
2026 03 04 19 0.0
2026 03 04 20 0.0
2026 03 04 21 0.0
2026 03 04 22 0.0
2026 03 04 23 0.0
2026 03 05 00 0.0
2026 03 05 01 0.0
2026 03 05 02 0.0
2026 03 05 03 0.0
2026 03 05 04 0.0
2026 03 05 05 0.0
2026 03 05 06 25.8
2026 03 05 07 136.3
2026 03 05 08 251.8
2026 03 05 09 339.0
2026 03 05 10 402.8
2026 03 05 11 409.0
2026 03 05 12 388.9
2026 03 05 13 339.7
2026 03 05 14 236.2
2026 03 05 15 104.0
2026 03 05 16 18.3
2026 03 05 17 0.0
2026 03 05 18 0.0
2026 03 05 19 0.0
2026 03 05 20 0.0
2026 03 05 21 0.0
2026 03 05 22 0.0
2026 03 05 23 0.0
2026 03 06 00 0.0
2026 03 06 01 0.0
2026 03 06 02 0.0
2026 03 06 03 0.0
2026 03 06 04 0.0
2026 03 06 05 0.0
2026 03 06 06 28.0
2026 03 06 07 136.1
2026 03 06 08 251.1
2026 03 06 09 346.1
2026 03 06 10 407.5
2026 03 06 11 427.9
2026 03 06 12 407.0
2026 03 06 13 346.5
2026 03 06 14 253.2
2026 03 06 15 138.2
2026 03 06 16 28.2
2026 03 06 17 0.0
2026 03 06 18 0.0
2026 03 06 19 0.0
2026 03 06 20 0.0
2026 03 06 21 0.0
2026 03 06 22 0.0
2026 03 06 23 0.0
2026 03 07 00 0.0
2026 03 07 01 0.0
2026 03 07 02 0.0
2026 03 07 03 0.0
2026 03 07 04 0.0
2026 03 07 05 0.0
2026 03 07 06 9.4
2026 03 07 07 42.0
2026 03 07 08 82.6
2026 03 07 09 249.1
2026 03 07 10 132.5
2026 03 07 11 162.6
2026 03 07 12 135.7
2026 03 07 13 183.8
2026 03 07 14 84.8
2026 03 07 15 46.8
2026 03 07 16 10.2
2026 03 07 17 0.0
2026 03 07 18 0.0
2026 03 07 19 0.0
2026 03 07 20 0.0
2026 03 07 21 0.0
2026 03 07 22 0.0
2026 03 07 23 0.0
2026 03 08 00 0.0
2026 03 08 01 0.0
2026 03 08 02 0.0
2026 03 08 03 0.0
2026 03 08 04 0.0
2026 03 08 05 0.0
2026 03 08 06 37.0
2026 03 08 07 148.8
2026 03 08 08 262.2
2026 03 08 09 353.4
2026 03 08 10 409.9
2026 03 08 11 428.6
2026 03 08 12 405.6
2026 03 08 13 338.8
2026 03 08 14 246.3
2026 03 08 15 136.0
2026 03 08 16 32.1
2026 03 08 17 0.0
2026 03 08 18 0.0
2026 03 08 19 0.0
2026 03 08 20 0.0
2026 03 08 21 0.0
2026 03 08 22 0.0
2026 03 08 23 0.0
2026 03 09 00 0.0
2026 03 09 01 0.0
2026 03 09 02 0.0
2026 03 09 03 0.0
2026 03 09 04 0.0
2026 03 09 05 0.0
2026 03 09 06 13.4
2026 03 09 07 58.8
2026 03 09 08 95.9
2026 03 09 09 370.1
2026 03 09 10 429.7
2026 03 09 11 434.9
2026 03 09 12 427.5
2026 03 09 13 367.6
2026 03 09 14 274.2
2026 03 09 15 158.2
2026 03 09 16 35.3
2026 03 09 17 0.0
2026 03 09 18 0.0
2026 03 09 19 0.0
2026 03 09 20 0.0
2026 03 09 21 0.0
2026 03 09 22 0.0
2026 03 09 23 0.0
2026 03 10 00 0.0
2026 03 10 01 0.0
2026 03 10 02 0.0
2026 03 10 03 0.0
2026 03 10 04 0.0
2026 03 10 05 0.0
2026 03 10 06 42.8
2026 03 10 07 155.3
2026 03 10 08 270.9
2026 03 10 09 365.1
2026 03 10 10 422.4
2026 03 10 11 443.7
2026 03 10 12 418.7
2026 03 10 13 358.3
2026 03 10 14 259.7
2026 03 10 15 146.0
2026 03 10 16 37.9
2026 03 10 17 0.0
2026 03 10 18 0.0
2026 03 10 19 0.0
2026 03 10 20 0.0
2026 03 10 21 0.0
2026 03 10 22 0.0
2026 03 10 23 0.0
2026 03 11 00 0.0
2026 03 11 01 0.0
2026 03 11 02 0.0
2026 03 11 03 0.0
2026 03 11 04 0.0
2026 03 11 05 0.0
2026 03 11 06 16.7
2026 03 11 07 55.0
2026 03 11 08 96.3
2026 03 11 09 178.8
2026 03 11 10 150.0
2026 03 11 11 159.8
2026 03 11 12 157.5
2026 03 11 13 129.7
2026 03 11 14 96.8
2026 03 11 15 55.7
2026 03 11 16 16.2
2026 03 11 17 0.0
2026 03 11 18 0.0
2026 03 11 19 0.0
2026 03 11 20 0.0
2026 03 11 21 0.0
2026 03 11 22 0.0
2026 03 11 23 0.0
2026 03 12 00 0.0
2026 03 12 01 0.0
2026 03 12 02 0.0
2026 03 12 03 0.0
2026 03 12 04 0.0
2026 03 12 05 0.0
2026 03 12 06 22.9
2026 03 12 07 102.4
2026 03 12 08 110.1
2026 03 12 09 206.9
2026 03 12 10 462.8
2026 03 12 11 470.7
2026 03 12 12 405.2
2026 03 12 13 356.5
2026 03 12 14 261.8
2026 03 12 15 171.1
2026 03 12 16 44.3
2026 03 12 17 0.0
2026 03 12 18 0.0
2026 03 12 19 0.0
2026 03 12 20 0.0
2026 03 12 21 0.0
2026 03 12 22 0.0
2026 03 12 23 0.0
2026 03 13 00 0.0
2026 03 13 01 0.0
2026 03 13 02 0.0
2026 03 13 03 0.0
2026 03 13 04 0.0
2026 03 13 05 0.0
2026 03 13 06 43.8
2026 03 13 07 147.0
2026 03 13 08 214.2
2026 03 13 09 310.3
2026 03 13 10 299.3
2026 03 13 11 412.5
2026 03 13 12 400.1
2026 03 13 13 248.5
2026 03 13 14 207.1
2026 03 13 15 82.8
2026 03 13 16 18.6
2026 03 13 17 0.0
2026 03 13 18 0.0
2026 03 13 19 0.0
2026 03 13 20 0.0
2026 03 13 21 0.0
2026 03 13 22 0.0
2026 03 13 23 0.0
2026 03 14 00 0.0
2026 03 14 01 0.0
2026 03 14 02 0.0
2026 03 14 03 0.0
2026 03 14 04 0.0
2026 03 14 05 0.0
2026 03 14 06 24.7
2026 03 14 07 68.5
2026 03 14 08 109.9
2026 03 14 09 140.8
2026 03 14 10 160.7
2026 03 14 11 166.6
2026 03 14 12 160.5
2026 03 14 13 135.5
2026 03 14 14 103.2
2026 03 14 15 62.9
2026 03 14 16 21.4
2026 03 14 17 0.0
2026 03 14 18 0.0
2026 03 14 19 0.0
2026 03 14 20 0.0
2026 03 14 21 0.0
2026 03 14 22 0.0
2026 03 14 23 0.0
2026 03 15 00 0.0
2026 03 15 01 0.0
2026 03 15 02 0.0
2026 03 15 03 0.0
2026 03 15 04 0.0
2026 03 15 05 0.0
2026 03 15 06 25.6
2026 03 15 07 91.9
2026 03 15 08 111.6
2026 03 15 09 146.2
2026 03 15 10 166.8
2026 03 15 11 173.8
2026 03 15 12 200.8
2026 03 15 13 143.7
2026 03 15 14 109.8
2026 03 15 15 67.9
2026 03 15 16 23.8
2026 03 15 17 0.0
2026 03 15 18 0.0
2026 03 15 19 0.0
2026 03 15 20 0.0
2026 03 15 21 0.0
2026 03 15 22 0.0
2026 03 15 23 0.0
2026 03 16 00 0.0
2026 03 16 01 0.0
2026 03 16 02 0.0
2026 03 16 03 0.0
2026 03 16 04 0.0
2026 03 16 05 0.0
2026 03 16 06 85.3
2026 03 16 07 207.2
2026 03 16 08 289.0
2026 03 16 09 399.7
2026 03 16 10 395.1
2026 03 16 11 503.4
2026 03 16 12 443.0
2026 03 16 13 396.5
2026 03 16 14 114.5
2026 03 16 15 111.4
2026 03 16 16 25.7
2026 03 16 17 0.0
2026 03 16 18 0.0
2026 03 16 19 0.0
2026 03 16 20 0.0
2026 03 16 21 0.0
2026 03 16 22 0.0
2026 03 16 23 0.0
2026 03 17 00 0.0
2026 03 17 01 0.0
2026 03 17 02 0.0
2026 03 17 03 0.0
2026 03 17 04 0.0
2026 03 17 05 0.0
2026 03 17 06 31.5
2026 03 17 07 77.8
2026 03 17 08 122.2
2026 03 17 09 242.1
2026 03 17 10 315.3
2026 03 17 11 282.1
2026 03 17 12 442.0
2026 03 17 13 432.4
2026 03 17 14 334.5
2026 03 17 15 183.5
2026 03 17 16 72.5
2026 03 17 17 0.0
2026 03 17 18 0.0
2026 03 17 19 0.0
2026 03 17 20 0.0
2026 03 17 21 0.0
2026 03 17 22 0.0
2026 03 17 23 0.0
2026 03 18 00 0.0
2026 03 18 01 0.0
2026 03 18 02 0.0
2026 03 18 03 0.0
2026 03 18 04 0.0
2026 03 18 05 1.8
2026 03 18 06 78.6
2026 03 18 07 169.4
2026 03 18 08 323.0
2026 03 18 09 379.3
2026 03 18 10 483.9
2026 03 18 11 499.3
2026 03 18 12 473.1
2026 03 18 13 228.7
2026 03 18 14 117.5
2026 03 18 15 74.0
2026 03 18 16 40.3
2026 03 18 17 0.0
2026 03 18 18 0.0
2026 03 18 19 0.0
2026 03 18 20 0.0
2026 03 18 21 0.0
2026 03 18 22 0.0
2026 03 18 23 0.0
2026 03 19 00 0.0
2026 03 19 01 0.0
2026 03 19 02 0.0
2026 03 19 03 0.0
2026 03 19 04 0.0
2026 03 19 05 1.5
2026 03 19 06 31.4
2026 03 19 07 74.3
2026 03 19 08 115.7
2026 03 19 09 150.1
2026 03 19 10 172.1
2026 03 19 11 226.3
2026 03 19 12 283.3
2026 03 19 13 160.6
2026 03 19 14 330.0
2026 03 19 15 214.6
2026 03 19 16 87.3
2026 03 19 17 0.0
2026 03 19 18 0.0
2026 03 19 19 0.0
2026 03 19 20 0.0
2026 03 19 21 0.0
2026 03 19 22 0.0
2026 03 19 23 0.0
2026 03 20 00 0.0
2026 03 20 01 0.0
2026 03 20 02 0.0
2026 03 20 03 0.0
2026 03 20 04 0.0
2026 03 20 05 6.6
2026 03 20 06 110.0
2026 03 20 07 237.3
2026 03 20 08 351.6
2026 03 20 09 379.0
2026 03 20 10 232.8
2026 03 20 11 240.6
2026 03 20 12 396.4
2026 03 20 13 426.3
2026 03 20 14 302.4
2026 03 20 15 219.1
2026 03 20 16 90.4
2026 03 20 17 0.1
2026 03 20 18 0.0
2026 03 20 19 0.0
2026 03 20 20 0.0
2026 03 20 21 0.0
2026 03 20 22 0.0
2026 03 20 23 0.0
2026 03 21 00 0.0
2026 03 21 01 0.0
2026 03 21 02 0.0
2026 03 21 03 0.0
2026 03 21 04 0.0
2026 03 21 05 9.3
2026 03 21 06 114.3
2026 03 21 07 242.1
2026 03 21 08 361.2
2026 03 21 09 454.3
2026 03 21 10 510.3
2026 03 21 11 529.3
2026 03 21 12 504.3
2026 03 21 13 428.0
2026 03 21 14 263.6
2026 03 21 15 201.7
2026 03 21 16 86.1
2026 03 21 17 2.2
2026 03 21 18 0.0
2026 03 21 19 0.0
2026 03 21 20 0.0
2026 03 21 21 0.0
2026 03 21 22 0.0
2026 03 21 23 0.0
2026 03 22 00 0.0
2026 03 22 01 0.0
2026 03 22 02 0.0
2026 03 22 03 0.0
2026 03 22 04 0.0
2026 03 22 05 11.4
2026 03 22 06 115.6
2026 03 22 07 242.2
2026 03 22 08 363.1
2026 03 22 09 428.3
2026 03 22 10 489.6
2026 03 22 11 536.5
2026 03 22 12 522.3
2026 03 22 13 454.6
2026 03 22 14 322.8
2026 03 22 15 193.4
2026 03 22 16 104.6
2026 03 22 17 4.2
2026 03 22 18 0.0
2026 03 22 19 0.0
2026 03 22 20 0.0
2026 03 22 21 0.0
2026 03 22 22 0.0
2026 03 22 23 0.0
2026 03 23 00 0.0
2026 03 23 01 0.0
2026 03 23 02 0.0
2026 03 23 03 0.0
2026 03 23 04 0.0
2026 03 23 05 15.3
2026 03 23 06 93.9
2026 03 23 07 218.8
2026 03 23 08 271.9
2026 03 23 09 168.8
2026 03 23 10 194.1
2026 03 23 11 192.0
2026 03 23 12 186.7
2026 03 23 13 444.6
2026 03 23 14 362.7
2026 03 23 15 240.4
2026 03 23 16 112.0
2026 03 23 17 6.2
2026 03 23 18 0.0
2026 03 23 19 0.0
2026 03 23 20 0.0
2026 03 23 21 0.0
2026 03 23 22 0.0
2026 03 23 23 0.0
2026 03 24 00 0.0
2026 03 24 01 0.0
2026 03 24 02 0.0
2026 03 24 03 0.0
2026 03 24 04 0.0
2026 03 24 05 17.5
2026 03 24 06 123.8
2026 03 24 07 239.7
2026 03 24 08 268.0
2026 03 24 09 238.3
2026 03 24 10 229.8
2026 03 24 11 190.7
2026 03 24 12 181.0
2026 03 24 13 251.7
2026 03 24 14 124.9
2026 03 24 15 82.0
2026 03 24 16 36.4
2026 03 24 17 2.7
2026 03 24 18 0.0
2026 03 24 19 0.0
2026 03 24 20 0.0
2026 03 24 21 0.0
2026 03 24 22 0.0
2026 03 24 23 0.0
2026 03 25 00 0.0
2026 03 25 01 0.0
2026 03 25 02 0.0
2026 03 25 03 0.0
2026 03 25 04 0.0
2026 03 25 05 7.0
2026 03 25 06 41.2
2026 03 25 07 115.8
2026 03 25 08 236.7
2026 03 25 09 172.5
2026 03 25 10 182.8
2026 03 25 11 191.8
2026 03 25 12 185.1
2026 03 25 13 164.8
2026 03 25 14 135.3
2026 03 25 15 100.7
2026 03 25 16 86.1
2026 03 25 17 5.8
2026 03 25 18 0.0
2026 03 25 19 0.0
2026 03 25 20 0.0
2026 03 25 21 0.0
2026 03 25 22 0.0
2026 03 25 23 0.0
2026 03 26 00 0.0
2026 03 26 01 0.0
2026 03 26 02 0.0
2026 03 26 03 0.0
2026 03 26 04 0.0
2026 03 26 05 10.0
2026 03 26 06 55.2
2026 03 26 07 108.1
2026 03 26 08 192.0
2026 03 26 09 201.3
2026 03 26 10 200.9
2026 03 26 11 284.3
2026 03 26 12 265.7
2026 03 26 13 219.7
2026 03 26 14 200.2
2026 03 26 15 107.7
2026 03 26 16 44.2
2026 03 26 17 12.3
2026 03 26 18 0.0
2026 03 26 19 0.0
2026 03 26 20 0.0
2026 03 26 21 0.0
2026 03 26 22 0.0
2026 03 26 23 0.0
2026 03 27 00 0.0
2026 03 27 01 0.0
2026 03 27 02 0.0
2026 03 27 03 0.0
2026 03 27 04 0.0
2026 03 27 05 36.4
2026 03 27 06 164.4
2026 03 27 07 300.5
2026 03 27 08 422.6
2026 03 27 09 516.3
2026 03 27 10 575.7
2026 03 27 11 589.9
2026 03 27 12 558.8
2026 03 27 13 491.8
2026 03 27 14 389.9
2026 03 27 15 263.0
2026 03 27 16 127.8
2026 03 27 17 15.7
2026 03 27 18 0.0
2026 03 27 19 0.0
2026 03 27 20 0.0
2026 03 27 21 0.0
2026 03 27 22 0.0
2026 03 27 23 0.0
2026 03 28 00 0.0
2026 03 28 01 0.0
2026 03 28 02 0.0
2026 03 28 03 0.0
2026 03 28 04 0.0
2026 03 28 05 36.8
2026 03 28 06 87.1
2026 03 28 07 150.4
2026 03 28 08 146.3
2026 03 28 09 179.9
2026 03 28 10 201.1
2026 03 28 11 206.5
2026 03 28 12 198.4
2026 03 28 13 173.7
2026 03 28 14 137.5
2026 03 28 15 93.0
2026 03 28 16 45.8
2026 03 28 17 6.4
2026 03 28 18 0.0
2026 03 28 19 0.0
2026 03 28 20 0.0
2026 03 28 21 0.0
2026 03 28 22 0.0
2026 03 28 23 0.0
2026 03 29 00 0.0
2026 03 29 01 0.0
2026 03 29 02 0.0
2026 03 29 03 0.0
2026 03 29 04 0.0
2026 03 29 05 30.0
2026 03 29 06 161.4
2026 03 29 07 296.9
2026 03 29 08 400.9
2026 03 29 09 491.7
2026 03 29 10 484.3
2026 03 29 11 379.5
2026 03 29 12 213.2
2026 03 29 13 344.6
2026 03 29 14 402.0
2026 03 29 15 270.3
2026 03 29 16 139.9
2026 03 29 17 19.5
2026 03 29 18 0.0
2026 03 29 19 0.0
2026 03 29 20 0.0
2026 03 29 21 0.0
2026 03 29 22 0.0
2026 03 29 23 0.0
2026 03 30 00 0.0
2026 03 30 01 0.0
2026 03 30 02 0.0
2026 03 30 03 0.0
2026 03 30 04 0.0
2026 03 30 05 16.2
2026 03 30 06 71.1
2026 03 30 07 207.7
2026 03 30 08 279.3
2026 03 30 09 424.5
2026 03 30 10 207.1
2026 03 30 11 266.1
2026 03 30 12 200.3
2026 03 30 13 177.0
2026 03 30 14 142.0
2026 03 30 15 96.1
2026 03 30 16 48.2
2026 03 30 17 8.7
2026 03 30 18 0.0
2026 03 30 19 0.0
2026 03 30 20 0.0
2026 03 30 21 0.0
2026 03 30 22 0.0
2026 03 30 23 0.0
2026 03 31 00 0.0
2026 03 31 01 0.0
2026 03 31 02 0.0
2026 03 31 03 0.0
2026 03 31 04 0.0
2026 03 31 05 19.4
2026 03 31 06 79.8
2026 03 31 07 127.3
2026 03 31 08 209.7
2026 03 31 09 509.3
2026 03 31 10 491.3
2026 03 31 11 603.4
2026 03 31 12 572.6
2026 03 31 13 496.0
2026 03 31 14 408.3
2026 03 31 15 283.3
2026 03 31 16 147.0
2026 03 31 17 27.9
2026 03 31 18 0.0
2026 03 31 19 0.0
2026 03 31 20 0.0
2026 03 31 21 0.0
2026 03 31 22 0.0
2026 03 31 23 0.0
2026 04 01 00 0.0
2026 04 01 01 0.0
2026 04 01 02 0.0
2026 04 01 03 0.0
2026 04 01 04 0.0
2026 04 01 05 59.6
2026 04 01 06 190.9
2026 04 01 07 326.7
2026 04 01 08 447.7
2026 04 01 09 537.9
2026 04 01 10 563.4
2026 04 01 11 582.0
2026 04 01 12 570.3
2026 04 01 13 508.7
2026 04 01 14 413.3
2026 04 01 15 288.7
2026 04 01 16 153.5
2026 04 01 17 32.1
2026 04 01 18 0.0
2026 04 01 19 0.0
2026 04 01 20 0.0
2026 04 01 21 0.0
2026 04 01 22 0.0
2026 04 01 23 0.0
2026 04 02 00 0.0
2026 04 02 01 0.0
2026 04 02 02 0.0
2026 04 02 03 0.0
2026 04 02 04 0.0
2026 04 02 05 21.5
2026 04 02 06 131.9
2026 04 02 07 113.6
2026 04 02 08 170.4
2026 04 02 09 188.6
2026 04 02 10 244.8
2026 04 02 11 214.4
2026 04 02 12 205.2
2026 04 02 13 180.3
2026 04 02 14 144.5
2026 04 02 15 101.2
2026 04 02 16 52.9
2026 04 02 17 11.6
2026 04 02 18 0.0
2026 04 02 19 0.0
2026 04 02 20 0.0
2026 04 02 21 0.0
2026 04 02 22 0.0
2026 04 02 23 0.0
2026 04 03 00 0.0
2026 04 03 01 0.0
2026 04 03 02 0.0
2026 04 03 03 0.0
2026 04 03 04 0.0
2026 04 03 05 22.7
2026 04 03 06 67.4
2026 04 03 07 115.4
2026 04 03 08 158.6
2026 04 03 09 192.2
2026 04 03 10 213.0
2026 04 03 11 219.2
2026 04 03 12 210.8
2026 04 03 13 187.4
2026 04 03 14 152.1
2026 04 03 15 108.6
2026 04 03 16 59.2
2026 04 03 17 19.9
2026 04 03 18 0.0
2026 04 03 19 0.0
2026 04 03 20 0.0
2026 04 03 21 0.0
2026 04 03 22 0.0
2026 04 03 23 0.0
2026 04 04 00 0.0
2026 04 04 01 0.0
2026 04 04 02 0.0
2026 04 04 03 0.0
2026 04 04 04 0.0
2026 04 04 05 24.1
2026 04 04 06 69.7
2026 04 04 07 120.6
2026 04 04 08 165.5
2026 04 04 09 198.6
2026 04 04 10 288.8
2026 04 04 11 226.9
2026 04 04 12 215.4
2026 04 04 13 191.5
2026 04 04 14 155.8
2026 04 04 15 110.6
2026 04 04 16 124.5
2026 04 04 17 21.7
2026 04 04 18 0.0
2026 04 04 19 0.0
2026 04 04 20 0.0
2026 04 04 21 0.0
2026 04 04 22 0.0
2026 04 04 23 0.0
2026 04 05 00 0.0
2026 04 05 01 0.0
2026 04 05 02 0.0
2026 04 05 03 0.0
2026 04 05 04 0.0
2026 04 05 05 65.9
2026 04 05 06 193.7
2026 04 05 07 187.5
2026 04 05 08 164.0
2026 04 05 09 195.8
2026 04 05 10 213.8
2026 04 05 11 217.8
2026 04 05 12 210.6
2026 04 05 13 191.8
2026 04 05 14 206.9
2026 04 05 15 280.7
2026 04 05 16 69.9
2026 04 05 17 17.9
2026 04 05 18 0.0
2026 04 05 19 0.0
2026 04 05 20 0.0
2026 04 05 21 0.0
2026 04 05 22 0.0
2026 04 05 23 0.0
2026 04 06 00 0.0
2026 04 06 01 0.0
2026 04 06 02 0.0
2026 04 06 03 0.0
2026 04 06 04 0.0
2026 04 06 05 31.1
2026 04 06 06 79.5
2026 04 06 07 133.9
2026 04 06 08 171.5
2026 04 06 09 204.6
2026 04 06 10 231.5
2026 04 06 11 229.2
2026 04 06 12 219.2
2026 04 06 13 245.6
2026 04 06 14 247.2
2026 04 06 15 156.3
2026 04 06 16 64.7
2026 04 06 17 18.4
2026 04 06 18 0.0
2026 04 06 19 0.0
2026 04 06 20 0.0
2026 04 06 21 0.0
2026 04 06 22 0.0
2026 04 06 23 0.0
2026 04 07 00 0.0
2026 04 07 01 0.0
2026 04 07 02 0.0
2026 04 07 03 0.0
2026 04 07 04 0.5
2026 04 07 05 33.6
2026 04 07 06 82.3
2026 04 07 07 131.6
2026 04 07 08 174.5
2026 04 07 09 207.4
2026 04 07 10 227.3
2026 04 07 11 298.6
2026 04 07 12 273.2
2026 04 07 13 198.8
2026 04 07 14 198.0
2026 04 07 15 133.8
2026 04 07 16 67.6
2026 04 07 17 22.4
2026 04 07 18 0.0
2026 04 07 19 0.0
2026 04 07 20 0.0
2026 04 07 21 0.0
2026 04 07 22 0.0
2026 04 07 23 0.0
2026 04 08 00 0.0
2026 04 08 01 0.0
2026 04 08 02 0.0
2026 04 08 03 0.0
2026 04 08 04 1.2
2026 04 08 05 36.5
2026 04 08 06 89.1
2026 04 08 07 201.6
2026 04 08 08 292.0
2026 04 08 09 584.7
2026 04 08 10 640.6
2026 04 08 11 644.5
2026 04 08 12 634.7
2026 04 08 13 570.9
2026 04 08 14 473.0
2026 04 08 15 342.9
2026 04 08 16 201.7
2026 04 08 17 65.9
2026 04 08 18 0.0
2026 04 08 19 0.0
2026 04 08 20 0.0
2026 04 08 21 0.0
2026 04 08 22 0.0
2026 04 08 23 0.0
2026 04 09 00 0.0
2026 04 09 01 0.0
2026 04 09 02 0.0
2026 04 09 03 0.0
2026 04 09 04 5.7
2026 04 09 05 112.8
2026 04 09 06 255.5
2026 04 09 07 397.4
2026 04 09 08 519.7
2026 04 09 09 613.6
2026 04 09 10 668.5
2026 04 09 11 679.9
2026 04 09 12 651.9
2026 04 09 13 582.7
2026 04 09 14 479.3
2026 04 09 15 342.3
2026 04 09 16 203.5
2026 04 09 17 70.4
2026 04 09 18 0.0
2026 04 09 19 0.0
2026 04 09 20 0.0
2026 04 09 21 0.0
2026 04 09 22 0.0
2026 04 09 23 0.0
2026 04 10 00 0.0
2026 04 10 01 0.0
2026 04 10 02 0.0
2026 04 10 03 0.0
2026 04 10 04 7.8
2026 04 10 05 110.7
2026 04 10 06 243.0
2026 04 10 07 387.6
2026 04 10 08 506.1
2026 04 10 09 594.4
2026 04 10 10 647.9
2026 04 10 11 661.0
2026 04 10 12 631.8
2026 04 10 13 565.0
2026 04 10 14 463.6
2026 04 10 15 337.7
2026 04 10 16 199.1
2026 04 10 17 68.4
2026 04 10 18 0.0
2026 04 10 19 0.0
2026 04 10 20 0.0
2026 04 10 21 0.0
2026 04 10 22 0.0
2026 04 10 23 0.0
2026 04 11 00 0.0
2026 04 11 01 0.0
2026 04 11 02 0.0
2026 04 11 03 0.0
2026 04 11 04 10.1
2026 04 11 05 121.2
2026 04 11 06 262.7
2026 04 11 07 403.6
2026 04 11 08 523.4
2026 04 11 09 613.5
2026 04 11 10 667.8
2026 04 11 11 680.9
2026 04 11 12 653.0
2026 04 11 13 584.7
2026 04 11 14 483.4
2026 04 11 15 354.2
2026 04 11 16 212.1
2026 04 11 17 75.7
2026 04 11 18 0.0
2026 04 11 19 0.0
2026 04 11 20 0.0
2026 04 11 21 0.0
2026 04 11 22 0.0
2026 04 11 23 0.0
2026 04 12 00 0.0
2026 04 12 01 0.0
2026 04 12 02 0.0
2026 04 12 03 0.0
2026 04 12 04 13.7
2026 04 12 05 124.9
2026 04 12 06 266.7
2026 04 12 07 405.1
2026 04 12 08 524.7
2026 04 12 09 614.3
2026 04 12 10 669.0
2026 04 12 11 679.7
2026 04 12 12 648.5
2026 04 12 13 581.3
2026 04 12 14 479.0
2026 04 12 15 351.2
2026 04 12 16 210.6
2026 04 12 17 76.4
2026 04 12 18 0.0
2026 04 12 19 0.0
2026 04 12 20 0.0
2026 04 12 21 0.0
2026 04 12 22 0.0
2026 04 12 23 0.0
2026 04 13 00 0.0
2026 04 13 01 0.0
2026 04 13 02 0.0
2026 04 13 03 0.0
2026 04 13 04 12.7
2026 04 13 05 119.2
2026 04 13 06 255.4
2026 04 13 07 390.1
2026 04 13 08 501.4
2026 04 13 09 593.9
2026 04 13 10 648.5
2026 04 13 11 553.9
2026 04 13 12 560.5
2026 04 13 13 484.6
2026 04 13 14 412.4
2026 04 13 15 279.6
2026 04 13 16 158.1
2026 04 13 17 61.4
2026 04 13 18 0.0
2026 04 13 19 0.0
2026 04 13 20 0.0
2026 04 13 21 0.0
2026 04 13 22 0.0
2026 04 13 23 0.0
2026 04 14 00 0.0
2026 04 14 01 0.0
2026 04 14 02 0.0
2026 04 14 03 0.0
2026 04 14 04 18.8
2026 04 14 05 126.6
2026 04 14 06 260.3
2026 04 14 07 398.7
2026 04 14 08 515.5
2026 04 14 09 603.7
2026 04 14 10 655.6
2026 04 14 11 651.3
2026 04 14 12 640.6
2026 04 14 13 421.5
2026 04 14 14 370.8
2026 04 14 15 186.1
2026 04 14 16 165.7
2026 04 14 17 75.9
2026 04 14 18 0.0
2026 04 14 19 0.0
2026 04 14 20 0.0
2026 04 14 21 0.0
2026 04 14 22 0.0
2026 04 14 23 0.0
2026 04 15 00 0.0
2026 04 15 01 0.0
2026 04 15 02 0.0
2026 04 15 03 0.0
2026 04 15 04 15.3
2026 04 15 05 43.3
2026 04 15 06 90.0
2026 04 15 07 176.5
2026 04 15 08 178.9
2026 04 15 09 274.5
2026 04 15 10 345.3
2026 04 15 11 341.3
2026 04 15 12 542.2
2026 04 15 13 383.5
2026 04 15 14 289.4
2026 04 15 15 305.4
2026 04 15 16 173.6
2026 04 15 17 75.1
2026 04 15 18 1.0
2026 04 15 19 0.0
2026 04 15 20 0.0
2026 04 15 21 0.0
2026 04 15 22 0.0
2026 04 15 23 0.0
2026 04 16 00 0.0
2026 04 16 01 0.0
2026 04 16 02 0.0
2026 04 16 03 0.0
2026 04 16 04 19.3
2026 04 16 05 54.0
2026 04 16 06 211.0
2026 04 16 07 316.1
2026 04 16 08 371.2
2026 04 16 09 429.5
2026 04 16 10 533.1
2026 04 16 11 558.3
2026 04 16 12 645.8
2026 04 16 13 565.7
2026 04 16 14 471.4
2026 04 16 15 249.2
2026 04 16 16 214.7
2026 04 16 17 47.1
2026 04 16 18 1.1
2026 04 16 19 0.0
2026 04 16 20 0.0
2026 04 16 21 0.0
2026 04 16 22 0.0
2026 04 16 23 0.0
2026 04 17 00 0.0
2026 04 17 01 0.0
2026 04 17 02 0.0
2026 04 17 03 0.0
2026 04 17 04 9.6
2026 04 17 05 55.8
2026 04 17 06 128.9
2026 04 17 07 189.4
2026 04 17 08 233.7
2026 04 17 09 240.0
2026 04 17 10 235.4
2026 04 17 11 270.7
2026 04 17 12 529.5
2026 04 17 13 479.6
2026 04 17 14 470.4
2026 04 17 15 319.3
2026 04 17 16 181.9
2026 04 17 17 73.5
2026 04 17 18 4.3
2026 04 17 19 0.0
2026 04 17 20 0.0
2026 04 17 21 0.0
2026 04 17 22 0.0
2026 04 17 23 0.0
2026 04 18 00 0.0
2026 04 18 01 0.0
2026 04 18 02 0.0
2026 04 18 03 0.0
2026 04 18 04 17.2
2026 04 18 05 55.2
2026 04 18 06 153.5
2026 04 18 07 156.2
2026 04 18 08 430.7
2026 04 18 09 532.9
2026 04 18 10 667.0
2026 04 18 11 464.6
2026 04 18 12 571.2
2026 04 18 13 561.9
2026 04 18 14 430.3
2026 04 18 15 318.1
2026 04 18 16 214.2
2026 04 18 17 59.1
2026 04 18 18 4.9
2026 04 18 19 0.0
2026 04 18 20 0.0
2026 04 18 21 0.0
2026 04 18 22 0.0
2026 04 18 23 0.0
2026 04 19 00 0.0
2026 04 19 01 0.0
2026 04 19 02 0.0
2026 04 19 03 0.0
2026 04 19 04 22.9
2026 04 19 05 111.7
2026 04 19 06 242.5
2026 04 19 07 253.9
2026 04 19 08 419.7
2026 04 19 09 508.0
2026 04 19 10 529.9
2026 04 19 11 708.0
2026 04 19 12 650.7
2026 04 19 13 612.5
2026 04 19 14 513.0
2026 04 19 15 392.4
2026 04 19 16 251.3
2026 04 19 17 111.4
2026 04 19 18 8.7
2026 04 19 19 0.0
2026 04 19 20 0.0
2026 04 19 21 0.0
2026 04 19 22 0.0
2026 04 19 23 0.0
2026 04 20 00 0.0
2026 04 20 01 0.0
2026 04 20 02 0.0
2026 04 20 03 0.0
2026 04 20 04 45.5
2026 04 20 05 169.5
2026 04 20 06 307.2
2026 04 20 07 435.2
2026 04 20 08 565.1
2026 04 20 09 658.1
2026 04 20 10 711.4
2026 04 20 11 724.0
2026 04 20 12 685.6
2026 04 20 13 627.0
2026 04 20 14 524.1
2026 04 20 15 389.5
2026 04 20 16 255.4
2026 04 20 17 117.0
2026 04 20 18 10.9
2026 04 20 19 0.0
2026 04 20 20 0.0
2026 04 20 21 0.0
2026 04 20 22 0.0
2026 04 20 23 0.0
2026 04 21 00 0.0
2026 04 21 01 0.0
2026 04 21 02 0.0
2026 04 21 03 0.0
2026 04 21 04 51.8
2026 04 21 05 181.7
2026 04 21 06 324.8
2026 04 21 07 458.2
2026 04 21 08 570.1
2026 04 21 09 655.8
2026 04 21 10 709.8
2026 04 21 11 715.6
2026 04 21 12 684.2
2026 04 21 13 620.5
2026 04 21 14 519.9
2026 04 21 15 393.1
2026 04 21 16 253.6
2026 04 21 17 115.8
2026 04 21 18 12.8
2026 04 21 19 0.0
2026 04 21 20 0.0
2026 04 21 21 0.0
2026 04 21 22 0.0
2026 04 21 23 0.0
2026 04 22 00 0.0
2026 04 22 01 0.0
2026 04 22 02 0.0
2026 04 22 03 0.0
2026 04 22 04 54.1
2026 04 22 05 179.2
2026 04 22 06 296.7
2026 04 22 07 350.4
2026 04 22 08 516.0
2026 04 22 09 632.6
2026 04 22 10 522.8
2026 04 22 11 515.5
2026 04 22 12 460.4
2026 04 22 13 424.3
2026 04 22 14 400.9
2026 04 22 15 347.6
2026 04 22 16 114.5
2026 04 22 17 96.8
2026 04 22 18 13.0
2026 04 22 19 0.0
2026 04 22 20 0.0
2026 04 22 21 0.0
2026 04 22 22 0.0
2026 04 22 23 0.0
2026 04 23 00 0.0
2026 04 23 01 0.0
2026 04 23 02 0.0
2026 04 23 03 0.0
2026 04 23 04 58.2
2026 04 23 05 184.5
2026 04 23 06 271.4
2026 04 23 07 346.7
2026 04 23 08 403.9
2026 04 23 09 237.8
2026 04 23 10 255.6
2026 04 23 11 259.3
2026 04 23 12 559.8
2026 04 23 13 369.9
2026 04 23 14 270.0
2026 04 23 15 287.4
2026 04 23 16 250.4
2026 04 23 17 121.0
2026 04 23 18 16.7
2026 04 23 19 0.0
2026 04 23 20 0.0
2026 04 23 21 0.0
2026 04 23 22 0.0
2026 04 23 23 0.0
2026 04 24 00 0.0
2026 04 24 01 0.0
2026 04 24 02 0.0
2026 04 24 03 0.0
2026 04 24 04 56.4
2026 04 24 05 158.8
2026 04 24 06 286.1
2026 04 24 07 435.7
2026 04 24 08 559.8
2026 04 24 09 639.7
2026 04 24 10 699.5
2026 04 24 11 723.9
2026 04 24 12 690.4
2026 04 24 13 627.3
2026 04 24 14 524.7
2026 04 24 15 388.4
2026 04 24 16 234.2
2026 04 24 17 94.7
2026 04 24 18 14.9
2026 04 24 19 0.0
2026 04 24 20 0.0
2026 04 24 21 0.0
2026 04 24 22 0.0
2026 04 24 23 0.0
2026 04 25 00 0.0
2026 04 25 01 0.0
2026 04 25 02 0.0
2026 04 25 03 0.0
2026 04 25 04 32.3
2026 04 25 05 101.8
2026 04 25 06 122.9
2026 04 25 07 165.6
2026 04 25 08 531.0
2026 04 25 09 518.6
2026 04 25 10 449.8
2026 04 25 11 376.4
2026 04 25 12 708.7
2026 04 25 13 492.3
2026 04 25 14 342.4
2026 04 25 15 293.6
2026 04 25 16 264.2
2026 04 25 17 125.7
2026 04 25 18 21.2
2026 04 25 19 0.0
2026 04 25 20 0.0
2026 04 25 21 0.0
2026 04 25 22 0.0
2026 04 25 23 0.0
2026 04 26 00 0.0
2026 04 26 01 0.0
2026 04 26 02 0.0
2026 04 26 03 0.0
2026 04 26 04 75.1
2026 04 26 05 209.0
2026 04 26 06 353.8
2026 04 26 07 480.7
2026 04 26 08 512.5
2026 04 26 09 567.2
2026 04 26 10 661.6
2026 04 26 11 571.8
2026 04 26 12 465.2
2026 04 26 13 337.4
2026 04 26 14 299.9
2026 04 26 15 179.6
2026 04 26 16 144.5
2026 04 26 17 49.8
2026 04 26 18 9.5
2026 04 26 19 0.0
2026 04 26 20 0.0
2026 04 26 21 0.0
2026 04 26 22 0.0
2026 04 26 23 0.0
2026 04 27 00 0.0
2026 04 27 01 0.0
2026 04 27 02 0.0
2026 04 27 03 0.0
2026 04 27 04 76.7
2026 04 27 05 207.9
2026 04 27 06 352.7
2026 04 27 07 490.8
2026 04 27 08 607.7
2026 04 27 09 608.0
2026 04 27 10 519.8
2026 04 27 11 688.5
2026 04 27 12 363.0
2026 04 27 13 236.7
2026 04 27 14 300.4
2026 04 27 15 158.3
2026 04 27 16 101.5
2026 04 27 17 68.8
2026 04 27 18 17.8
2026 04 27 19 0.0
2026 04 27 20 0.0
2026 04 27 21 0.0
2026 04 27 22 0.0
2026 04 27 23 0.0
2026 04 28 00 0.0
2026 04 28 01 0.0
2026 04 28 02 0.0
2026 04 28 03 0.0
2026 04 28 04 80.9
2026 04 28 05 208.7
2026 04 28 06 357.8
2026 04 28 07 496.8
2026 04 28 08 608.1
2026 04 28 09 383.7
2026 04 28 10 566.0
2026 04 28 11 369.0
2026 04 28 12 487.3
2026 04 28 13 522.0
2026 04 28 14 412.7
2026 04 28 15 391.3
2026 04 28 16 292.5
2026 04 28 17 149.2
2026 04 28 18 16.4
2026 04 28 19 0.0
2026 04 28 20 0.0
2026 04 28 21 0.0
2026 04 28 22 0.0
2026 04 28 23 0.0
2026 04 29 00 0.0
2026 04 29 01 0.0
2026 04 29 02 0.0
2026 04 29 03 1.9
2026 04 29 04 72.9
2026 04 29 05 213.0
2026 04 29 06 358.0
2026 04 29 07 489.0
2026 04 29 08 608.4
2026 04 29 09 686.3
2026 04 29 10 666.1
2026 04 29 11 736.7
2026 04 29 12 674.2
2026 04 29 13 410.5
2026 04 29 14 334.7
2026 04 29 15 152.7
2026 04 29 16 247.7
2026 04 29 17 61.8
2026 04 29 18 11.8
2026 04 29 19 0.0
2026 04 29 20 0.0
2026 04 29 21 0.0
2026 04 29 22 0.0
2026 04 29 23 0.0
2026 04 30 00 0.0
2026 04 30 01 0.0
2026 04 30 02 0.0
2026 04 30 03 1.5
2026 04 30 04 29.6
2026 04 30 05 88.8
2026 04 30 06 322.6
2026 04 30 07 432.6
2026 04 30 08 560.2
2026 04 30 09 633.9
2026 04 30 10 633.0
2026 04 30 11 639.2
2026 04 30 12 693.5
2026 04 30 13 643.1
2026 04 30 14 549.3
2026 04 30 15 411.6
2026 04 30 16 255.4
2026 04 30 17 137.1
2026 04 30 18 36.4
2026 04 30 19 0.0
2026 04 30 20 0.0
2026 04 30 21 0.0
2026 04 30 22 0.0
2026 04 30 23 0.0
2026 05 01 00 0.0
2026 05 01 01 0.0
2026 05 01 02 0.0
2026 05 01 03 5.3
2026 05 01 04 91.1
2026 05 01 05 222.1
2026 05 01 06 364.2
2026 05 01 07 496.3
2026 05 01 08 609.0
2026 05 01 09 696.1
2026 05 01 10 746.7
2026 05 01 11 751.7
2026 05 01 12 720.6
2026 05 01 13 653.0
2026 05 01 14 523.3
2026 05 01 15 433.4
2026 05 01 16 297.0
2026 05 01 17 158.6
2026 05 01 18 42.0
2026 05 01 19 0.0
2026 05 01 20 0.0
2026 05 01 21 0.0
2026 05 01 22 0.0
2026 05 01 23 0.0
2026 05 02 00 0.0
2026 05 02 01 0.0
2026 05 02 02 0.0
2026 05 02 03 7.5
2026 05 02 04 101.1
2026 05 02 05 235.2
2026 05 02 06 377.3
2026 05 02 07 509.8
2026 05 02 08 622.7
2026 05 02 09 705.7
2026 05 02 10 753.8
2026 05 02 11 759.1
2026 05 02 12 726.6
2026 05 02 13 656.4
2026 05 02 14 556.3
2026 05 02 15 430.8
2026 05 02 16 292.1
2026 05 02 17 156.0
2026 05 02 18 42.9
2026 05 02 19 0.0
2026 05 02 20 0.0
2026 05 02 21 0.0
2026 05 02 22 0.0
2026 05 02 23 0.0
2026 05 03 00 0.0
2026 05 03 01 0.0
2026 05 03 02 0.0
2026 05 03 03 5.1
2026 05 03 04 31.3
2026 05 03 05 74.9
2026 05 03 06 122.3
2026 05 03 07 168.5
2026 05 03 08 242.1
2026 05 03 09 239.7
2026 05 03 10 257.0
2026 05 03 11 260.2
2026 05 03 12 250.0
2026 05 03 13 225.8
2026 05 03 14 190.9
2026 05 03 15 171.4
2026 05 03 16 99.9
2026 05 03 17 52.8
2026 05 03 18 15.6
2026 05 03 19 0.0
2026 05 03 20 0.0
2026 05 03 21 0.0
2026 05 03 22 0.0
2026 05 03 23 0.0
2026 05 04 00 0.0
2026 05 04 01 0.0
2026 05 04 02 0.0
2026 05 04 03 3.6
2026 05 04 04 32.2
2026 05 04 05 119.5
2026 05 04 06 125.5
2026 05 04 07 173.3
2026 05 04 08 214.6
2026 05 04 09 248.2
2026 05 04 10 266.3
2026 05 04 11 594.2
2026 05 04 12 370.8
2026 05 04 13 589.0
2026 05 04 14 563.0
2026 05 04 15 378.8
2026 05 04 16 107.6
2026 05 04 17 158.6
2026 05 04 18 47.9
2026 05 04 19 0.0
2026 05 04 20 0.0
2026 05 04 21 0.0
2026 05 04 22 0.0
2026 05 04 23 0.0
2026 05 05 00 0.0
2026 05 05 01 0.0
2026 05 05 02 0.0
2026 05 05 03 9.8
2026 05 05 04 81.4
2026 05 05 05 159.1
2026 05 05 06 357.5
2026 05 05 07 473.3
2026 05 05 08 622.0
2026 05 05 09 668.9
2026 05 05 10 697.3
2026 05 05 11 762.3
2026 05 05 12 707.3
2026 05 05 13 428.4
2026 05 05 14 330.7
2026 05 05 15 265.4
2026 05 05 16 228.4
2026 05 05 17 172.3
2026 05 05 18 31.2
2026 05 05 19 0.0
2026 05 05 20 0.0
2026 05 05 21 0.0
2026 05 05 22 0.0
2026 05 05 23 0.0
2026 05 06 00 0.0
2026 05 06 01 0.0
2026 05 06 02 0.0
2026 05 06 03 17.1
2026 05 06 04 121.1
2026 05 06 05 259.3
2026 05 06 06 403.3
2026 05 06 07 540.2
2026 05 06 08 657.3
2026 05 06 09 740.5
2026 05 06 10 789.5
2026 05 06 11 798.5
2026 05 06 12 760.3
2026 05 06 13 624.6
2026 05 06 14 583.2
2026 05 06 15 457.2
2026 05 06 16 320.8
2026 05 06 17 181.5
2026 05 06 18 57.5
2026 05 06 19 0.0
2026 05 06 20 0.0
2026 05 06 21 0.0
2026 05 06 22 0.0
2026 05 06 23 0.0
2026 05 07 00 0.0
2026 05 07 01 0.0
2026 05 07 02 0.0
2026 05 07 03 17.5
2026 05 07 04 124.5
2026 05 07 05 255.2
2026 05 07 06 403.3
2026 05 07 07 537.7
2026 05 07 08 651.9
2026 05 07 09 736.7
2026 05 07 10 784.2
2026 05 07 11 793.0
2026 05 07 12 735.7
2026 05 07 13 377.7
2026 05 07 14 537.2
2026 05 07 15 460.6
2026 05 07 16 320.4
2026 05 07 17 180.6
2026 05 07 18 57.8
2026 05 07 19 0.0
2026 05 07 20 0.0
2026 05 07 21 0.0
2026 05 07 22 0.0
2026 05 07 23 0.0
2026 05 08 00 0.0
2026 05 08 01 0.0
2026 05 08 02 0.0
2026 05 08 03 21.6
2026 05 08 04 124.8
2026 05 08 05 260.2
2026 05 08 06 403.0
2026 05 08 07 534.3
2026 05 08 08 643.1
2026 05 08 09 733.8
2026 05 08 10 782.8
2026 05 08 11 793.0
2026 05 08 12 762.6
2026 05 08 13 692.8
2026 05 08 14 595.6
2026 05 08 15 469.0
2026 05 08 16 327.5
2026 05 08 17 189.1
2026 05 08 18 67.2
2026 05 08 19 0.0
2026 05 08 20 0.0
2026 05 08 21 0.0
2026 05 08 22 0.0
2026 05 08 23 0.0
2026 05 09 00 0.0
2026 05 09 01 0.0
2026 05 09 02 0.0
2026 05 09 03 20.1
2026 05 09 04 117.6
2026 05 09 05 250.2
2026 05 09 06 402.1
2026 05 09 07 542.2
2026 05 09 08 657.4
2026 05 09 09 741.5
2026 05 09 10 789.2
2026 05 09 11 801.4
2026 05 09 12 773.8
2026 05 09 13 704.0
2026 05 09 14 604.9
2026 05 09 15 481.9
2026 05 09 16 341.7
2026 05 09 17 196.7
2026 05 09 18 67.9
2026 05 09 19 0.0
2026 05 09 20 0.0
2026 05 09 21 0.0
2026 05 09 22 0.0
2026 05 09 23 0.0
2026 05 10 00 0.0
2026 05 10 01 0.0
2026 05 10 02 0.0
2026 05 10 03 27.4
2026 05 10 04 134.3
2026 05 10 05 205.0
2026 05 10 06 314.7
2026 05 10 07 444.6
2026 05 10 08 567.1
2026 05 10 09 720.2
2026 05 10 10 784.8
2026 05 10 11 792.2
2026 05 10 12 761.2
2026 05 10 13 684.4
2026 05 10 14 584.6
2026 05 10 15 437.5
2026 05 10 16 191.1
2026 05 10 17 66.0
2026 05 10 18 29.0
2026 05 10 19 0.8
2026 05 10 20 0.0
2026 05 10 21 0.0
2026 05 10 22 0.0
2026 05 10 23 0.0
2026 05 11 00 0.0
2026 05 11 01 0.0
2026 05 11 02 0.0
2026 05 11 03 13.2
2026 05 11 04 86.5
2026 05 11 05 95.1
2026 05 11 06 399.7
2026 05 11 07 478.4
2026 05 11 08 587.9
2026 05 11 09 688.7
2026 05 11 10 754.5
2026 05 11 11 734.9
2026 05 11 12 586.8
2026 05 11 13 638.0
2026 05 11 14 454.3
2026 05 11 15 195.8
2026 05 11 16 117.1
2026 05 11 17 102.0
2026 05 11 18 23.9
2026 05 11 19 1.4
2026 05 11 20 0.0
2026 05 11 21 0.0
2026 05 11 22 0.0
2026 05 11 23 0.0
2026 05 12 00 0.0
2026 05 12 01 0.0
2026 05 12 02 0.0
2026 05 12 03 9.6
2026 05 12 04 43.9
2026 05 12 05 90.4
2026 05 12 06 140.2
2026 05 12 07 186.9
2026 05 12 08 226.1
2026 05 12 09 254.8
2026 05 12 10 271.3
2026 05 12 11 274.3
2026 05 12 12 264.4
2026 05 12 13 240.9
2026 05 12 14 205.9
2026 05 12 15 162.9
2026 05 12 16 115.1
2026 05 12 17 67.1
2026 05 12 18 25.5
2026 05 12 19 1.1
2026 05 12 20 0.0
2026 05 12 21 0.0
2026 05 12 22 0.0
2026 05 12 23 0.0
2026 05 13 00 0.0
2026 05 13 01 0.0
2026 05 13 02 0.0
2026 05 13 03 10.3
2026 05 13 04 44.5
2026 05 13 05 90.4
2026 05 13 06 139.6
2026 05 13 07 187.1
2026 05 13 08 226.3
2026 05 13 09 258.1
2026 05 13 10 273.7
2026 05 13 11 277.3
2026 05 13 12 267.2
2026 05 13 13 243.0
2026 05 13 14 207.7
2026 05 13 15 164.0
2026 05 13 16 116.4
2026 05 13 17 69.1
2026 05 13 18 27.1
2026 05 13 19 1.5
2026 05 13 20 0.0
2026 05 13 21 0.0
2026 05 13 22 0.0
2026 05 13 23 0.0
2026 05 14 00 0.0
2026 05 14 01 0.0
2026 05 14 02 0.0
2026 05 14 03 15.2
2026 05 14 04 54.5
2026 05 14 05 227.9
2026 05 14 06 148.6
2026 05 14 07 276.9
2026 05 14 08 269.5
2026 05 14 09 389.4
2026 05 14 10 504.0
2026 05 14 11 513.6
2026 05 14 12 657.6
2026 05 14 13 603.7
2026 05 14 14 574.0
2026 05 14 15 404.2
2026 05 14 16 254.1
2026 05 14 17 111.3
2026 05 14 18 74.4
2026 05 14 19 4.7
2026 05 14 20 0.0
2026 05 14 21 0.0
2026 05 14 22 0.0
2026 05 14 23 0.0
2026 05 15 00 0.0
2026 05 15 01 0.0
2026 05 15 02 0.0
2026 05 15 03 13.1
2026 05 15 04 83.7
2026 05 15 05 118.3
2026 05 15 06 234.2
2026 05 15 07 463.6
2026 05 15 08 644.7
2026 05 15 09 742.6
2026 05 15 10 760.9
2026 05 15 11 708.3
2026 05 15 12 741.6
2026 05 15 13 651.9
2026 05 15 14 211.5
2026 05 15 15 166.6
2026 05 15 16 177.7
2026 05 15 17 119.8
2026 05 15 18 60.2
2026 05 15 19 5.4
2026 05 15 20 0.0
2026 05 15 21 0.0
2026 05 15 22 0.0
2026 05 15 23 0.0
2026 05 16 00 0.0
2026 05 16 01 0.0
2026 05 16 02 0.0
2026 05 16 03 22.1
2026 05 16 04 93.4
2026 05 16 05 87.3
2026 05 16 06 190.2
2026 05 16 07 289.6
2026 05 16 08 229.4
2026 05 16 09 257.4
2026 05 16 10 276.5
2026 05 16 11 282.8
2026 05 16 12 274.1
2026 05 16 13 673.8
2026 05 16 14 355.6
2026 05 16 15 482.8
2026 05 16 16 349.2
2026 05 16 17 208.9
2026 05 16 18 85.2
2026 05 16 19 7.8
2026 05 16 20 0.0
2026 05 16 21 0.0
2026 05 16 22 0.0
2026 05 16 23 0.0
2026 05 17 00 0.0
2026 05 17 01 0.0
2026 05 17 02 0.0
2026 05 17 03 41.4
2026 05 17 04 150.8
2026 05 17 05 281.7
2026 05 17 06 362.7
2026 05 17 07 513.6
2026 05 17 08 604.7
2026 05 17 09 590.8
2026 05 17 10 571.3
2026 05 17 11 498.9
2026 05 17 12 278.1
2026 05 17 13 503.8
2026 05 17 14 595.1
2026 05 17 15 416.7
2026 05 17 16 350.4
2026 05 17 17 209.1
2026 05 17 18 92.4
2026 05 17 19 9.9
2026 05 17 20 0.0
2026 05 17 21 0.0
2026 05 17 22 0.0
2026 05 17 23 0.0
2026 05 18 00 0.0
2026 05 18 01 0.0
2026 05 18 02 0.0
2026 05 18 03 42.8
2026 05 18 04 108.9
2026 05 18 05 254.0
2026 05 18 06 396.7
2026 05 18 07 488.8
2026 05 18 08 624.9
2026 05 18 09 672.4
2026 05 18 10 665.6
2026 05 18 11 310.6
2026 05 18 12 308.2
2026 05 18 13 424.5
2026 05 18 14 389.0
2026 05 18 15 457.2
2026 05 18 16 334.5
2026 05 18 17 196.2
2026 05 18 18 68.4
2026 05 18 19 8.6
2026 05 18 20 0.0
2026 05 18 21 0.0
2026 05 18 22 0.0
2026 05 18 23 0.0
2026 05 19 00 0.0
2026 05 19 01 0.0
2026 05 19 02 0.0
2026 05 19 03 14.7
2026 05 19 04 49.0
2026 05 19 05 94.5
2026 05 19 06 223.9
2026 05 19 07 193.4
2026 05 19 08 373.5
2026 05 19 09 260.9
2026 05 19 10 277.2
2026 05 19 11 443.1
2026 05 19 12 331.2
2026 05 19 13 247.8
2026 05 19 14 210.9
2026 05 19 15 168.2
2026 05 19 16 121.0
2026 05 19 17 75.7
2026 05 19 18 72.8
2026 05 19 19 12.3
2026 05 19 20 0.0
2026 05 19 21 0.0
2026 05 19 22 0.0
2026 05 19 23 0.0
2026 05 20 00 0.0
2026 05 20 01 0.0
2026 05 20 02 0.0
2026 05 20 03 47.3
2026 05 20 04 151.9
2026 05 20 05 280.4
2026 05 20 06 415.5
2026 05 20 07 542.3
2026 05 20 08 651.2
2026 05 20 09 663.3
2026 05 20 10 633.2
2026 05 20 11 283.7
2026 05 20 12 436.3
2026 05 20 13 677.2
2026 05 20 14 385.1
2026 05 20 15 455.6
2026 05 20 16 346.5
2026 05 20 17 199.6
2026 05 20 18 95.1
2026 05 20 19 14.3
2026 05 20 20 0.0
2026 05 20 21 0.0
2026 05 20 22 0.0
2026 05 20 23 0.0
2026 05 21 00 0.0
2026 05 21 01 0.0
2026 05 21 02 0.0
2026 05 21 03 16.6
2026 05 21 04 59.1
2026 05 21 05 95.7
2026 05 21 06 315.5
2026 05 21 07 332.1
2026 05 21 08 249.7
2026 05 21 09 258.7
2026 05 21 10 273.3
2026 05 21 11 279.2
2026 05 21 12 634.5
2026 05 21 13 535.0
2026 05 21 14 403.6
2026 05 21 15 218.0
2026 05 21 16 272.9
2026 05 21 17 201.4
2026 05 21 18 95.9
2026 05 21 19 12.8
2026 05 21 20 0.0
2026 05 21 21 0.0
2026 05 21 22 0.0
2026 05 21 23 0.0
2026 05 22 00 0.0
2026 05 22 01 0.0
2026 05 22 02 0.0
2026 05 22 03 26.4
2026 05 22 04 64.0
2026 05 22 05 141.4
2026 05 22 06 336.7
2026 05 22 07 529.6
2026 05 22 08 661.2
2026 05 22 09 742.5
2026 05 22 10 789.4
2026 05 22 11 797.7
2026 05 22 12 769.3
2026 05 22 13 684.8
2026 05 22 14 536.0
2026 05 22 15 420.2
2026 05 22 16 199.9
2026 05 22 17 192.8
2026 05 22 18 99.7
2026 05 22 19 17.3
2026 05 22 20 0.0
2026 05 22 21 0.0
2026 05 22 22 0.0
2026 05 22 23 0.0
2026 05 23 00 0.0
2026 05 23 01 0.0
2026 05 23 02 0.0
2026 05 23 03 54.1
2026 05 23 04 161.0
2026 05 23 05 288.3
2026 05 23 06 422.6
2026 05 23 07 549.4
2026 05 23 08 653.1
2026 05 23 09 729.6
2026 05 23 10 725.4
2026 05 23 11 725.4
2026 05 23 12 692.2
2026 05 23 13 638.0
2026 05 23 14 351.1
2026 05 23 15 248.9
2026 05 23 16 270.5
2026 05 23 17 71.1
2026 05 23 18 64.0
2026 05 23 19 6.5
2026 05 23 20 0.0
2026 05 23 21 0.0
2026 05 23 22 0.0
2026 05 23 23 0.0
2026 05 24 00 0.0
2026 05 24 01 0.0
2026 05 24 02 0.0
2026 05 24 03 58.6
2026 05 24 04 169.7
2026 05 24 05 299.8
2026 05 24 06 416.3
2026 05 24 07 532.4
2026 05 24 08 664.4
2026 05 24 09 750.5
2026 05 24 10 779.8
2026 05 24 11 767.5
2026 05 24 12 746.6
2026 05 24 13 660.2
2026 05 24 14 474.4
2026 05 24 15 406.5
2026 05 24 16 324.9
2026 05 24 17 229.6
2026 05 24 18 110.1
2026 05 24 19 21.1
2026 05 24 20 0.0
2026 05 24 21 0.0
2026 05 24 22 0.0
2026 05 24 23 0.0
2026 05 25 00 0.0
2026 05 25 01 0.0
2026 05 25 02 1.0
2026 05 25 03 53.2
2026 05 25 04 137.5
2026 05 25 05 211.3
2026 05 25 06 340.5
2026 05 25 07 412.5
2026 05 25 08 470.9
2026 05 25 09 600.7
2026 05 25 10 725.4
2026 05 25 11 572.7
2026 05 25 12 618.0
2026 05 25 13 595.7
2026 05 25 14 419.1
2026 05 25 15 176.9
2026 05 25 16 135.7
2026 05 25 17 107.3
2026 05 25 18 39.1
2026 05 25 19 9.5
2026 05 25 20 0.0
2026 05 25 21 0.0
2026 05 25 22 0.0
2026 05 25 23 0.0
2026 05 26 00 0.0
2026 05 26 01 0.0
2026 05 26 02 1.8
2026 05 26 03 51.7
2026 05 26 04 166.0
2026 05 26 05 259.2
2026 05 26 06 400.5
2026 05 26 07 324.5
2026 05 26 08 577.8
2026 05 26 09 273.4
2026 05 26 10 669.3
2026 05 26 11 651.0
2026 05 26 12 749.8
2026 05 26 13 703.9
2026 05 26 14 600.6
2026 05 26 15 394.6
2026 05 26 16 294.7
2026 05 26 17 157.4
2026 05 26 18 70.2
2026 05 26 19 18.0
2026 05 26 20 0.0
2026 05 26 21 0.0
2026 05 26 22 0.0
2026 05 26 23 0.0
2026 05 27 00 0.0
2026 05 27 01 0.0
2026 05 27 02 3.0
2026 05 27 03 71.3
2026 05 27 04 185.9
2026 05 27 05 320.4
2026 05 27 06 458.9
2026 05 27 07 586.9
2026 05 27 08 684.1
2026 05 27 09 500.3
2026 05 27 10 391.9
2026 05 27 11 508.7
2026 05 27 12 728.7
2026 05 27 13 512.6
2026 05 27 14 305.8
2026 05 27 15 377.8
2026 05 27 16 217.8
2026 05 27 17 248.0
2026 05 27 18 87.1
2026 05 27 19 28.6
2026 05 27 20 0.0
2026 05 27 21 0.0
2026 05 27 22 0.0
2026 05 27 23 0.0
2026 05 28 00 0.0
2026 05 28 01 0.0
2026 05 28 02 3.8
2026 05 28 03 74.1
2026 05 28 04 189.3
2026 05 28 05 323.3
2026 05 28 06 462.4
2026 05 28 07 588.4
2026 05 28 08 623.3
2026 05 28 09 564.9
2026 05 28 10 661.1
2026 05 28 11 604.7
2026 05 28 12 569.9
2026 05 28 13 514.0
2026 05 28 14 499.1
2026 05 28 15 476.5
2026 05 28 16 367.9
2026 05 28 17 230.0
2026 05 28 18 125.0
2026 05 28 19 29.4
2026 05 28 20 0.0
2026 05 28 21 0.0
2026 05 28 22 0.0
2026 05 28 23 0.0
2026 05 29 00 0.0
2026 05 29 01 0.0
2026 05 29 02 3.3
2026 05 29 03 66.5
2026 05 29 04 101.5
2026 05 29 05 125.1
2026 05 29 06 240.3
2026 05 29 07 370.2
2026 05 29 08 646.3
2026 05 29 09 755.5
2026 05 29 10 799.6
2026 05 29 11 808.4
2026 05 29 12 779.1
2026 05 29 13 716.4
2026 05 29 14 621.6
2026 05 29 15 502.9
2026 05 29 16 371.9
2026 05 29 17 239.5
2026 05 29 18 118.9
2026 05 29 19 29.2
2026 05 29 20 0.0
2026 05 29 21 0.0
2026 05 29 22 0.0
2026 05 29 23 0.0
2026 05 30 00 0.0
2026 05 30 01 0.0
2026 05 30 02 4.6
2026 05 30 03 37.3
2026 05 30 04 123.1
2026 05 30 05 286.0
2026 05 30 06 399.7
2026 05 30 07 515.8
2026 05 30 08 593.6
2026 05 30 09 606.1
2026 05 30 10 679.8
2026 05 30 11 777.5
2026 05 30 12 725.2
2026 05 30 13 515.3
2026 05 30 14 454.0
2026 05 30 15 229.9
2026 05 30 16 129.0
2026 05 30 17 82.0
2026 05 30 18 40.0
2026 05 30 19 15.7
2026 05 30 20 0.0
2026 05 30 21 0.0
2026 05 30 22 0.0
2026 05 30 23 0.0
2026 05 31 00 0.0
2026 05 31 01 0.0
2026 05 31 02 3.6
2026 05 31 03 65.4
2026 05 31 04 172.5
2026 05 31 05 291.5
2026 05 31 06 390.4
2026 05 31 07 575.7
2026 05 31 08 684.0
2026 05 31 09 757.8
2026 05 31 10 814.4
2026 05 31 11 824.2
2026 05 31 12 790.5
2026 05 31 13 726.7
2026 05 31 14 623.9
2026 05 31 15 499.3
2026 05 31 16 378.0
2026 05 31 17 243.9
2026 05 31 18 122.1
2026 05 31 19 31.5
2026 05 31 20 0.0
2026 05 31 21 0.0
2026 05 31 22 0.0
2026 05 31 23 0.0
